4.843
21.831
56.642
67.068
82.740
91.013
92.285
97.496
114.520
122.316
133.322
144.367
149.578
156.100
187.014
186.972
207.169
222.260
230.786
238.623
260.971
280.589
289.115
300.161
300.118
307.953
315.057
318.225
327.336
340.966
343.550
355.327
357.181
374.169
378.650
391.112
403.579
416.664
417.207
423.732
434.193
444.510
443.740
452.889
458.100
468.561
473.772
480.295
486.090
494.512
493.158
500.264
514.624
525.088
525.045
532.880
545.822
551.721
601.522
601.480
614.571
621.091
621.048
634.136
640.659
655.059
655.601
660.812
679.842
681.657
703.311
726.239
734.661
735.202
740.412
751.457
750.129
765.221
765.178
765.708
762.416
770.897
763.731
759.083
759.000
754.311
760.825
749.720
750.323
752.869
752.123
751.481
745.523
747.920
749.254
736.900
738.818
733.588
733.575
743.306
734.828
727.039
741.012
737.161
737.184
734.476
731.768
733.103
727.317
733.214
735.308
724.230
720.447
721.081
723.665
721.608
741.612
738.319
740.280
736.949
741.533
735.682
743.517
747.504
755.991
754.767
763.147
756.735
756.649
770.321
766.366
765.662
778.107
770.941
776.110
766.760
761.529
763.020
760.958
759.565
762.136
756.138
751.599
748.371
745.036
746.371
754.271
756.193
743.907
746.491
755.017
759.738
741.510
739.621
740.401
750.862
758.074
752.908
747.746
753.022
749.729
745.190
745.904
741.988
742.592
751.940
752.547
757.285
753.369
746.187
751.381
757.904
765.115
771.276
777.716
773.174
776.449
778.991
796.146
796.168
793.134
792.389
795.106
796.574
792.035
791.992
784.892
792.860
799.445
795.749
796.357
799.632
798.343
800.303
793.137
795.787
787.891
787.225
785.310
775.395
777.313
764.774
770.115
784.153
781.445
788.096
782.229
774.440
777.288
779.934
783.207
772.043
770.022
762.814
756.986
761.600
760.439
761.695
759.780
753.822
749.136
752.497
737.439
740.531
738.046
747.153
736.007
737.860
738.535
740.204
756.447
754.427
736.265
745.417
736.236
741.512
739.531
745.245
745.954
738.856
743.509
737.097
743.581
748.792
749.503
748.279
743.740
765.184
775.567
780.413
774.996
790.708
793.981
787.438
785.526
784.132
794.104
802.653
800.672
804.484
803.878
797.297
796.651
789.485
788.781
792.807
789.515
790.834
792.064
792.022
780.982
790.093
782.823
776.396
775.587
775.740
782.221
773.245
787.647
774.605
770.689
766.689
749.892
753.165
742.817
742.839
746.848
736.565
747.718
748.245
743.017
739.685
745.584
747.809
745.101
742.562
739.961
762.437
761.148
764.421
767.589
755.862
758.407
760.368
764.332
760.481
783.666
789.461
784.005
780.674
776.200
767.395
771.485
774.053
770.828
788.504
774.149
772.305
773.431
763.772
762.338
753.857
756.464
759.691
763.545
755.755
767.662
765.770
771.176
766.014
754.909
764.641
765.352
772.073
774.034
780.127
774.169
774.903
770.562
763.527
764.715
762.936
767.505
768.008
770.859
768.321
762.766
754.143
760.239
760.742
773.163
773.874
770.582
771.919
771.214
764.672
767.863
762.036
756.182
753.536
757.355
743.024
755.486
757.580
757.734
749.256
736.372
738.917
741.460
734.385
727.115
725.719
730.392
731.476
740.130
746.781
753.434
744.811
748.772
747.682
750.266
758.055
762.085
755.673
759.484
772.770
765.602
772.833
779.939
770.835
770.754
781.176
774.633
781.116
777.333
766.255
779.479
771.690
772.921
770.505
780.542
788.638
794.537
793.871
785.524
778.358
778.964
781.812
775.812
775.796
778.448
771.894
777.104
767.896
761.354
762.819
764.049
763.341
765.946
761.365
748.521
752.958
760.368
762.326
768.917
760.436
766.959
762.420
763.765
764.411
758.587
763.305
766.972
753.954
750.576
763.797
756.073
760.658
764.515
758.038
758.842
773.957
787.998
782.241
797.980
798.136
800.097
808.822
807.663
803.878
799.962
807.200
805.895
796.063
795.398
800.591
799.925
805.782
794.808
791.329
781.044
779.820
783.092
780.474
778.003
773.356
774.025
774.739
773.450
780.166
779.034
771.931
765.388
767.303
762.034
756.076
759.930
756.660
750.117
752.033
747.627
739.772
748.987
734.552
733.263
729.306
734.004
735.965
736.747
755.842
758.518
757.208
765.176
757.160
757.251
759.960
767.798
761.389
759.408
761.326
769.852
758.451
765.410
753.056
755.905
758.554
755.846
770.276
770.156
766.863
770.613
764.162
765.497
774.709
777.904
779.307
782.087
774.298
781.904
780.615
794.593
787.427
783.511
781.664
784.936
778.355
794.565
786.527
785.237
795.037
791.082
791.105
789.816
793.483
808.105
804.943
806.343
802.427
804.968
804.848
804.183
793.767
798.377
786.504
778.842
783.492
779.018
777.103
777.257
786.406
774.518
777.129
767.404
765.381
764.092
754.988
763.577
754.048
750.713
753.216
758.622
757.333
759.294
772.382
760.654
758.008
761.969
764.618
754.852
758.190
750.467
752.382
743.402
751.820
756.473
765.685
770.166
763.686
763.020
764.357
761.288
758.648
754.732
756.639
750.681
758.649
755.357
760.529
759.928
759.328
753.981
743.565
747.484
743.568
742.175
743.113
740.509
741.155
740.451
733.140
734.996
729.726
733.687
728.035
722.580
715.268
718.116
725.330
724.664
728.691
729.233
721.019
720.269
716.976
711.838
713.069
712.983
710.237
706.386
706.305
712.202
712.873
717.483
724.142
722.126
724.636
727.181
728.519
728.541
729.045
720.142
729.875
720.837
722.797
740.695
739.257
741.802
747.702
751.663
752.267
743.163
743.185
753.715
743.364
753.788
743.571
744.799
749.912
773.702
769.784
775.683
774.590
784.422
777.453
780.856
801.952
807.917
809.254
819.090
816.486
811.946
822.536
818.062
813.522
810.880
801.450
799.665
804.688
802.707
801.549
798.218
798.159
801.693
804.927
798.969
797.635
804.223
800.268
803.538
807.826
803.554
804.785
791.742
791.618
789.768
789.791
780.948
768.662
767.332
776.740
780.900
777.007
763.261
769.784
767.141
767.060
780.216
779.511
774.907
774.057
765.021
764.940
781.235
771.443
780.592
775.427
769.706
766.414
780.188
784.906
776.608
771.445
777.887
766.809
780.057
768.395
772.424
769.140
759.347
759.950
765.850
760.619
750.203
748.291
741.086
733.804
728.574
739.171
755.079
759.106
769.077
770.999
769.217
772.490
769.744
770.455
769.166
763.935
754.608
758.079
766.128
760.274
762.858
754.235
751.008
763.368
751.838
758.019
764.566
763.342
769.268
775.165
781.753
782.880
773.672
772.305
775.578
765.919
775.023
758.068
753.529
750.185
758.351
760.985
760.904
764.174
757.631
766.011
759.533
768.709
762.300
750.703
752.582
762.486
762.431
765.277
761.361
761.967
751.551
744.385
753.042
757.134
752.595
745.069
750.865
755.452
760.040
755.394
759.270
758.565
763.907
765.137
768.410
767.812
763.896
761.556
760.875
761.523
764.848
766.183
759.017
760.354
751.146
763.739
763.658
760.428
765.015
761.293
759.897
756.551
755.327
757.869
769.707
766.376
757.340
756.728
758.819
744.385
752.415
754.376
767.690
763.774
757.364
758.751
758.085
759.577
758.866
764.619
763.953
766.178
766.201
769.473
776.124
766.320
774.288
778.875
778.337
772.682
784.591
780.594
770.801
777.868
771.325
773.247
773.338
774.634
764.841
770.117
773.390
765.601
763.062
759.690
763.978
770.658
773.265
775.225
765.528
767.446
768.679
778.025
765.009
768.415
765.084
761.366
757.450
760.064
758.509
743.529
750.013
744.116
753.936
752.647
746.063
744.774
764.560
764.476
760.518
757.187
757.431
770.516
775.991
772.660
787.333
774.290
770.228
774.813
778.151
777.616
783.515
781.997
778.036
790.393
783.811
778.649
776.763
782.039
780.126
772.922
795.267
796.599
790.801
787.639
797.500
796.965
792.276
801.453
796.809
797.654
787.862
790.362
782.464
779.129
777.840
778.619
767.025
757.989
759.950
759.137
753.972
746.075
747.412
740.246
749.461
742.918
738.860
726.506
736.993
734.389
735.037
745.561
743.438
744.841
737.636
758.800
753.276
743.549
750.033
752.617
745.451
740.808
745.350
737.626
746.003
736.896
744.000
746.848
746.136
749.263
748.036
750.577
750.562
744.019
772.570
769.966
772.681
770.621
788.595
797.121
784.835
774.900
780.244
780.266
793.618
778.213
775.609
769.055
770.288
771.623
782.864
789.341
775.675
777.528
790.877
789.716
786.489
787.826
785.118
787.684
795.543
798.709
792.855
793.634
782.491
789.210
787.363
786.762
782.766
762.478
767.150
767.862
772.408
775.635
768.470
769.077
762.492
757.952
749.429
762.095
760.803
763.414
786.508
792.669
792.692
796.656
792.769
782.353
788.250
780.461
784.558
780.538
783.862
797.415
788.261
786.413
785.124
792.878
799.602
800.313
796.397
789.231
799.758
793.215
797.098
815.036
814.632
808.803
788.041
777.252
777.275
781.304
787.294
782.782
778.827
777.473
780.811
781.522
772.484
772.357
770.640
774.559
773.961
785.138
777.349
779.892
778.602
781.320
768.862
771.391
759.661
764.246
760.330
764.144
755.664
749.941
759.286
755.370
760.646
758.731
761.172
747.572
750.594
751.782
741.990
732.158
736.014
742.047
746.760
740.243
736.284
742.181
745.350
739.349
729.518
736.171
740.135
730.928
729.496
730.765
721.041
748.237
738.445
745.789
745.189
743.900
749.069
748.430
747.721
754.163
755.824
751.334
754.636
755.348
769.881
771.734
770.494
773.277
765.488
774.011
776.595
773.951
770.580
780.380
779.714
779.694
773.151
765.761
772.139
763.516
763.539
760.207
752.445
751.844
749.932
744.789
746.815
758.161
760.119
760.723
761.369
769.854
763.768
763.726
756.560
762.418
755.837
755.236
753.881
753.281
760.756
762.678
756.782
755.385
752.634
763.158
764.496
758.642
757.480
768.630
764.714
780.625
785.967
789.307
801.083
798.375
803.544
800.343
809.558
799.207
809.731
813.004
802.095
807.997
800.205
814.184
812.292
799.211
793.253
799.281
802.081
804.066
799.481
805.443
798.900
806.827
806.785
808.745
810.211
804.838
810.868
801.724
795.181
795.165
782.123
780.833
787.896
778.103
784.583
769.632
774.800
781.456
772.978
772.882
775.532
767.119
760.538
752.811
749.464
748.198
748.804
733.561
749.991
746.960
745.736
732.826
731.457
733.379
730.087
734.873
734.792
723.156
729.636
723.666
727.562
727.055
736.123
739.421
734.950
733.595
731.502
736.843
732.259
735.531
739.410
742.712
735.546
750.836
752.652
746.109
748.655
750.615
759.142
752.599
752.479
736.317
742.242
747.043
750.170
748.944
754.896
755.611
745.818
751.026
755.679
750.516
759.037
757.881
763.114
762.995
763.281
759.989
767.826
765.913
767.518
766.914
784.401
783.800
779.950
791.681
795.707
798.899
795.606
801.398
798.170
791.788
782.817
782.840
784.801
790.031
783.489
784.785
772.392
776.246
781.457
777.737
778.383
775.078
770.114
772.476
768.005
772.551
765.385
760.012
768.538
764.622
762.709
765.939
765.962
760.108
756.190
747.219
746.498
739.956
735.417
736.261
734.868
733.642
736.356
740.966
731.055
735.017
740.916
740.936
745.550
738.384
739.575
739.494
735.578
737.565
741.423
734.880
741.488
738.261
738.867
744.037
742.747
736.338
735.672
746.134
740.244
740.163
748.754
746.242
757.455
756.228
753.758
750.422
756.351
759.624
760.335
754.484
751.738
748.264
742.407
745.705
744.416
751.654
748.427
760.464
748.698
755.220
761.250
766.468
775.579
765.644
760.481
759.126
760.663
765.407
771.203
761.437
764.710
777.126
769.536
768.870
752.711
758.613
746.740
754.019
755.424
755.515
751.560
747.775
744.483
754.901
758.996
755.080
762.294
751.878
753.346
757.308
750.142
757.245
750.079
739.663
742.832
750.891
747.598
745.475
759.407
752.864
750.841
742.494
748.390
750.932
755.914
749.371
754.177
752.845
757.433
757.485
756.819
749.653
757.553
754.845
750.929
753.154
750.404
749.936
744.421
745.069
745.051
743.094
745.812
757.874
748.651
741.485
741.986
755.207
740.876
747.422
747.445
748.633
738.840
748.254
742.360
739.028
758.249
762.863
755.697
767.827
756.681
758.642
755.934
753.463
756.693
759.862
746.704
746.794
751.379
755.275
753.363
757.392
760.041
755.461
754.858
754.880
751.549
758.647
762.505
755.962
753.277
746.761
751.434
755.529
752.990
749.074
755.620
751.665
745.185
743.961
744.675
746.013
748.727
754.001
744.208
740.876
735.629
741.594
752.705
744.227
740.892
753.357
754.006
764.598
764.650
764.672
777.758
765.953
758.710
764.805
770.144
773.440
774.087
781.924
783.885
780.553
790.409
787.139
792.350
793.351
792.260
781.740
784.389
798.169
787.052
783.828
781.357
783.941
784.655
788.388
791.661
793.621
783.206
783.705
781.686
778.420
779.755
781.157
767.491
773.350
779.249
775.814
771.821
763.882
762.446
765.782
763.240
756.036
761.204
761.915
769.753
754.152
756.139
759.996
753.896
742.857
740.282
749.260
742.783
745.247
743.958
740.042
740.022
742.606
743.320
740.719
738.183
728.524
732.485
731.781
740.372
736.521
747.873
749.210
737.337
734.044
749.806
754.207
766.672
755.074
767.667
776.522
781.692
779.741
782.910
786.182
779.966
778.742
776.141
776.855
770.897
761.105
778.197
780.738
783.348
772.374
786.771
780.190
801.281
793.554
791.664
797.418
794.814
790.275
790.431
795.345
803.919
804.073
802.095
797.063
798.531
797.304
796.015
792.232
794.193
788.965
793.547
800.138
795.795
792.422
788.506
793.224
795.808
792.736
789.401
784.130
788.851
788.250
792.731
773.188
771.965
767.319
766.653
769.290
774.498
773.832
773.232
769.901
770.508
762.784
767.309
756.466
751.195
749.757
752.991
751.102
735.940
742.531
731.427
736.621
745.540
742.247
733.750
752.735
750.715
752.738
747.017
751.047
751.135
750.498
765.049
769.637
765.721
769.577
760.369
760.976
761.622
758.873
766.085
766.731
767.602
767.625
766.959
759.793
753.238
772.955
766.412
791.659
785.116
784.023
784.734
780.260
779.657
785.619
792.205
787.665
798.257
791.091
785.861
786.572
782.232
786.884
783.034
776.690
777.923
777.215
776.472
784.894
781.043
783.069
779.153
784.280
775.072
772.468
784.375
785.606
775.813
773.966
770.739
777.842
773.953
793.556
785.992
776.784
772.869
770.223
766.462
772.362
761.946
760.656
763.932
763.331
774.609
771.385
774.034
771.563
771.654
772.989
785.411
783.498
797.232
799.737
795.954
798.495
800.418
802.378
807.984
810.590
804.048
809.947
808.658
802.115
806.723
785.705
794.231
787.711
783.795
793.633
792.409
789.767
786.869
797.184
796.583
782.359
769.679
777.430
776.140
770.912
773.690
778.901
769.173
771.676
771.010
767.786
760.620
775.600
767.253
768.509
775.617
775.454
769.496
756.415
760.377
761.023
757.692
766.218
764.928
755.892
757.814
757.835
755.191
746.843
749.561
751.440
748.839
752.928
762.211
749.299
746.072
757.114
748.663
747.374
757.968
757.887
746.355
749.005
749.651
749.673
763.437
760.212
757.595
757.618
753.598
755.612
758.154
759.242
754.079
761.195
740.664
749.323
746.031
739.515
749.976
753.312
746.769
741.250
740.088
744.059
742.212
753.362
744.324
745.103
750.227
753.565
749.091
754.563
746.667
752.527
749.234
755.825
757.786
747.993
751.981
753.793
768.264
767.598
780.754
771.744
777.644
780.189
782.177
780.781
785.391
779.801
774.733
774.067
777.939
787.772
779.835
779.858
774.656
762.199
756.925
756.282
754.220
747.016
746.350
740.496
741.961
739.315
740.652
731.444
735.340
736.054
739.458
739.549
733.653
736.195
737.600
739.441
736.214
739.620
746.276
745.183
754.917
757.207
751.378
755.340
758.680
756.062
737.169
755.511
752.803
753.577
769.944
763.402
767.323
773.759
769.997
772.427
768.407
771.679
768.651
768.076
779.982
774.754
768.822
774.744
778.017
772.120
776.705
773.958
773.358
768.813
762.855
760.796
757.346
751.625
752.535
758.630
754.676
760.575
750.159
752.185
747.540
748.188
756.154
760.634
759.116
755.200
751.246
747.460
755.298
752.005
753.048
747.152
746.512
743.314
759.914
748.809
756.667
750.124
753.254
746.712
750.011
760.525
765.112
763.199
755.345
752.702
761.356
759.444
751.548
750.256
748.363
733.408
748.565
747.962
740.796
743.334
742.626
747.837
747.304
744.828
750.727
762.501
761.173
757.946
767.158
770.496
781.711
781.111
790.841
793.063
784.784
803.253
802.587
796.178
798.294
800.879
797.651
800.287
791.940
791.986
793.946
802.603
792.252
790.363
791.062
792.254
792.238
788.946
779.420
782.758
781.493
779.370
780.084
773.606
769.818
764.531
770.430
761.222
761.826
756.556
768.395
756.733
759.382
748.365
749.596
746.846
751.390
746.943
741.489
738.738
744.145
741.541
743.659
733.270
738.436
743.050
736.082
745.297
746.635
747.161
741.164
741.187
737.960
742.680
744.521
746.482
748.687
743.171
748.341
751.490
745.012
748.976
754.878
752.990
749.074
751.032
754.955
748.331
754.285
764.749
768.087
778.470
764.766
757.690
765.525
758.940
767.129
766.529
758.077
756.058
763.272
770.508
771.154
768.991
763.137
769.099
771.683
764.374
761.476
756.275
777.570
778.799
776.157
775.448
768.240
776.143
772.915
769.649
761.993
757.308
756.018
756.624
755.959
765.435
772.115
769.953
766.037
753.113
764.462
763.065
761.775
751.940
761.781
755.238
759.823
767.037
760.560
770.463
764.505
766.056
766.705
757.239
750.658
749.394
758.462
770.366
769.766
771.168
773.194
773.217
773.759
776.305
769.789
775.133
767.477
760.934
766.851
767.633
770.217
772.959
771.420
768.086
779.880
773.536
776.809
774.855
770.939
778.180
768.244
755.202
762.997
768.605
757.500
758.928
753.142
760.937
761.022
753.287
754.025
746.859
748.774
746.651
751.181
763.842
775.381
768.215
768.306
757.766
761.620
763.581
777.253
760.403
760.426
771.083
770.417
768.466
774.970
778.265
773.168
768.629
766.463
763.260
767.287
769.936
781.089
782.426
763.534
762.849
764.771
764.105
767.407
767.365
766.206
772.688
764.898
766.922
759.756
760.275
760.883
751.224
751.138
746.596
756.489
759.204
757.249
757.468
764.448
765.036
766.891
768.079
760.290
768.878
772.774
774.112
772.196
774.846
773.687
767.145
765.229
766.034
776.498
779.771
773.920
773.211
784.942
778.399
779.585
778.303
777.176
766.303
759.630
748.977
741.941
737.785
731.112
720.462
719.562
706.246
698.619
691.216
687.425
674.834
670.094
663.785
653.132
646.824
636.171
622.629
613.071
606.034
592.128
588.924
581.521
576.780
566.127
565.809
562.020
554.393
544.104
533.818
528.094
516.856
510.402
499.526
492.848
488.695
481.658
471.005
464.187
456.199
446.131
439.894
433.982
420.663
419.540
415.753
409.301
