2.943
2.943
2.216
2.761
4.033
3.990
4.540
2.951
2.224
2.768
4.040
3.998
3.955
3.913
3.870
3.100
2.943
1.631
2.953
2.943
2.943
2.951
2.943
2.951
3.493
2.730
2.690
4.013
3.970
2.943
2.943
1.631
1.631
2.953
2.216
3.538
4.447
3.092
4.422
3.652
2.943
2.943
1.631
1.641
2.964
2.216
3.538
3.496
3.536
3.493
2.138
3.460
3.418
3.960
2.605
2.943
2.943
2.943
1.631
3.484
3.442
3.399
2.629
2.943
2.903
4.233
4.190
4.148
4.112
2.758
3.353
3.363
3.320
4.642
4.607
5.152
3.797
5.127
5.084
5.049
3.694
5.016
3.662
2.943
1.631
2.953
3.528
3.486
3.443
3.408
3.365
3.322
3.280
2.877
4.783
4.741
4.698
4.656
4.620
4.585
4.543
4.507
5.050
5.029
4.994
4.951
4.909
4.866
4.823
4.781
3.426
5.280
5.822
4.468
4.478
3.135
3.677
3.634
2.216
3.488
4.033
3.990
2.636
3.958
3.915
3.873
2.943
2.216
2.540
3.862
4.407
4.364
3.010
2.951
2.943
1.631
2.943
1.631
3.484
2.130
3.262
2.216
3.488
2.134
3.259
2.216
2.943
3.488
3.446
1.631
2.172
4.075
2.720
2.943
1.631
2.961
2.943
2.951
2.951
2.958
1.631
1.649
2.978
3.520
3.478
3.435
3.393
3.350
3.307
1.953
2.562
4.248
4.206
4.163
2.809
4.131
4.088
4.045
4.003
3.233
2.943
2.943
2.943
2.943
2.943
2.943
1.639
1.649
2.986
2.943
2.943
2.943
2.951
2.943
2.216
2.226
3.548
4.093
4.050
2.696
3.291
3.301
2.943
2.216
2.176
4.100
4.058
3.288
3.245
5.160
3.805
5.127
5.084
2.983
3.528
3.486
3.443
2.096
3.948
3.179
4.448
4.405
4.363
3.593
4.922
4.880
4.837
5.382
3.259
3.528
3.493
3.450
2.680
3.952
2.943
2.943
2.943
1.631
1.641
2.964
1.631
2.172
2.943
2.176
4.083
4.040
3.998
3.955
3.185
3.195
4.465
5.374
2.530
3.803
3.047
3.058
2.943
3.488
2.718
3.913
3.923
5.192
5.149
3.795
5.698
5.655
5.612
4.258
5.580
3.457
4.006
4.195
4.205
4.215
4.173
4.130
2.216
3.125
3.135
3.145
2.943
2.216
2.184
2.778
2.738
2.748
4.071
4.035
3.265
2.943
2.943
1.631
3.484
2.722
3.994
4.536
4.493
5.045
5.003
4.233
4.243
4.253
4.210
4.221
2.216
3.488
3.446
2.676
3.531
3.488
2.943
2.951
3.546
3.503
3.460
2.958
2.943
2.943
3.538
2.216
3.902
3.867
3.832
3.062
2.216
3.488
3.453
2.683
4.540
4.497
1.650
3.502
3.460
3.417
1.631
1.641
2.964
2.951
2.943
3.528
3.486
3.443
3.400
2.630
4.495
3.140
3.735
5.466
6.521
6.479
6.436
5.082
6.996
6.953
5.599
5.556
6.097
7.434
7.391
4.683
2.943
3.536
2.216
1.631
2.222
3.544
2.774
3.528
4.850
4.080
4.090
4.048
3.528
2.773
2.790
3.333
3.343
3.353
3.363
4.640
4.604
4.562
3.792
5.114
4.347
6.250
3.549
2.779
2.739
4.642
4.599
3.245
4.574
4.532
4.489
5.034
4.271
4.281
5.611
4.264
5.593
6.135
4.781
6.103
6.060
6.017
4.663
5.985
5.942
3.234
1.880
3.202
3.159
3.124
1.769
1.780
2.320
3.642
4.192
3.422
3.528
3.486
3.443
3.400
3.358
2.003
2.605
4.462
3.692
3.702
4.244
4.254
2.224
3.496
2.726
3.270
3.281
4.603
4.560
4.517
4.475
3.720
2.951
2.943
2.943
1.631
2.226
2.186
3.516
3.473
3.430
3.388
3.345
1.991
3.313
3.270
3.228
2.465
2.951
1.631
2.953
2.943
2.216
3.488
3.446
3.403
2.056
3.378
2.608
4.109
4.119
2.811
4.258
4.223
4.180
3.413
4.008
4.018
4.028
5.350
5.307
5.850
5.807
4.452
4.462
2.392
3.016
3.607
3.617
3.574
3.585
3.595
2.216
3.488
3.328
3.338
3.295
2.943
2.231
3.553
3.510
4.052
4.010
3.982
2.943
2.951
2.943
2.216
2.176
3.498
3.456
3.413
3.955
3.920
3.150
3.107
2.951
1.631
1.641
3.528
3.486
4.030
3.988
2.633
3.235
3.245
5.124
5.666
5.624
4.269
4.279
5.601
5.566
5.524
6.068
6.026
5.983
4.628
4.639
5.961
4.606
6.509
6.466
5.112
3.768
3.733
4.278
4.243
4.208
4.165
1.689
3.549
3.506
3.464
3.301
3.311
3.321
3.331
4.600
5.160
5.117
2.994
2.943
2.943
2.216
2.811
4.083
4.625
3.855
5.177
5.135
3.012
1.664
3.517
2.755
3.299
2.943
2.958
2.958
2.216
3.852
3.082
3.092
2.943
2.943
2.943
2.943
2.943
1.631
3.546
3.503
3.460
2.106
2.701
2.711
4.033
2.685
3.228
3.238
3.248
3.258
3.803
5.659
5.617
4.262
4.272
4.282
4.240
4.197
4.207
4.217
5.539
5.497
5.454
4.099
5.421
6.551
2.531
2.541
3.863
3.821
2.488
3.818
1.631
2.226
2.951
2.943
2.758
2.943
4.230
2.943
1.631
2.953
2.943
2.951
2.184
2.943
2.943
2.943
2.943
3.488
4.999
5.541
5.499
6.043
6.586
6.543
6.500
6.458
6.415
6.380
6.337
6.302
6.267
3.566
2.797
2.943
4.215
2.861
4.183
4.140
2.786
4.108
4.065
4.030
3.987
3.952
2.605
3.780
5.102
2.282
3.918
3.875
3.832
2.951
2.943
2.943
2.943
2.216
3.496
3.460
3.425
3.383
3.340
3.900
2.545
3.874
3.832
2.477
3.799
3.757
3.714
3.671
3.629
3.586
2.816
4.088
3.318
2.216
2.761
2.771
4.685
3.915
1.631
2.961
3.503
3.460
3.418
3.383
3.340
3.892
3.850
3.080
3.090
2.216
2.234
2.244
4.096
3.911
5.233
5.198
5.156
5.113
4.343
4.353
5.675
2.240
2.200
3.522
4.431
3.084
4.406
4.363
4.321
4.285
4.243
4.208
4.757
4.714
4.687
4.512
2.216
3.488
2.718
4.258
4.223
4.180
4.138
2.783
4.105
3.335
4.657
2.943
2.943
1.631
1.641
1.652
2.974
2.943
2.216
3.546
3.363
2.943
2.943
2.943
1.631
2.953
2.943
2.943
1.631
3.534
4.084
3.314
2.943
2.943
1.631
4.079
4.036
3.528
4.070
4.028
3.985
3.942
3.900
2.231
3.503
2.733
2.943
2.943
2.943
2.943
1.631
2.943
2.943
2.216
2.811
4.255
2.943
2.943
2.943
2.966
2.943
2.943
2.943
2.943
2.943
2.943
2.216
3.488
3.446
3.403
2.943
2.943
2.943
2.951
2.943
2.943
2.958
2.943
2.943
2.943
2.943
2.216
2.826
2.836
3.427
5.329
3.975
5.297
5.254
3.900
5.222
3.874
5.196
3.842
5.171
5.129
5.678
4.331
5.603
6.145
2.717
3.990
2.943
2.216
2.761
4.033
3.990
3.948
2.593
3.915
3.873
3.830
4.739
4.696
3.934
3.944
4.486
5.808
5.765
5.723
5.680
5.638
5.595
6.137
6.102
2.216
3.902
3.132
3.142
3.152
4.061
2.216
3.902
2.548
3.877
3.842
2.487
3.809
4.354
4.311
4.269
3.499
4.821
4.778
5.321
5.278
5.235
5.193
5.150
5.108
5.065
5.610
5.567
6.109
4.755
3.276
4.598
2.216
3.902
2.548
3.088
3.098
3.693
5.015
4.245
4.255
4.266
5.535
5.492
5.450
5.992
2.557
3.829
2.474
4.327
2.972
4.294
4.252
2.897
4.087
6.524
5.901
3.193
3.150
2.405
3.727
2.943
2.224
2.191
4.101
4.646
4.603
5.156
5.128
3.773
5.095
3.741
2.985
2.943
2.943
2.943
2.943
2.943
3.852
3.810
2.455
2.465
3.787
3.017
1.631
2.943
3.528
2.758
3.353
2.943
2.216
3.488
3.453
3.410
3.375
3.333
3.290
3.247
3.797
3.754
2.400
3.722
2.952
2.912
4.769
3.999
2.943
1.631
2.953
2.943
2.943
2.216
3.488
3.446
2.943
2.943
2.943
1.631
2.226
2.943
2.943
3.528
3.486
3.443
3.408
3.365
3.322
1.968
3.290
3.247
3.212
2.943
2.943
1.631
2.953
2.943
3.852
3.810
3.767
3.724
3.682
2.912
4.191
4.149
2.943
1.631
2.943
2.758
3.531
3.541
3.551
3.561
3.518
4.840
3.486
5.389
2.538
2.943
2.216
4.073
4.030
4.590
4.547
4.505
4.462
4.419
4.377
4.334
4.292
3.524
5.379
5.336
5.881
6.438
3.737
3.559
3.569
3.580
1.631
2.251
4.750
4.707
2.943
2.943
2.943
2.951
2.943
2.943
2.943
3.488
3.446
3.403
2.640
3.895
3.905
5.177
5.142
5.099
5.064
5.606
4.251
4.261
5.584
5.548
4.781
6.103
6.068
6.025
5.990
7.120
5.765
7.668
4.967
4.197
1.631
1.641
3.558
3.523
2.224
2.241
2.836
2.796
4.118
1.631
2.226
3.506
3.463
3.420
3.245
3.255
3.265
3.276
4.605
4.562
5.112
5.069
5.027
4.984
3.629
1.631
2.226
3.498
3.456
3.420
3.378
2.023
2.618
4.304
2.943
2.224
3.860
1.631
2.961
2.943
2.943
2.943
3.528
3.486
3.443
2.680
3.225
3.235
3.245
4.522
4.480
3.125
4.447
3.092
1.631
2.953
2.216
3.902
2.548
3.870
2.515
3.106
3.697
3.707
3.664
3.621
3.632
2.216
3.488
2.134
3.456
3.413
3.370
3.913
3.143
3.153
2.943
1.631
2.953
3.528
2.758
4.030
2.951
3.860
4.409
4.366
4.324
3.554
4.876
4.833
4.791
4.756
3.401
4.723
4.680
4.638
3.868
3.878
5.208
5.165
5.710
4.355
3.597
2.242
2.216
2.216
3.496
2.141
2.151
3.473
3.430
3.388
2.618
3.890
2.535
3.858
2.503
3.825
3.782
3.740
3.697
3.669
2.899
2.860
3.454
3.464
4.734
3.964
2.951
2.216
3.488
2.134
2.144
3.466
3.423
3.990
3.220
2.943
2.951
2.943
3.488
2.718
2.943
4.796
4.754
4.711
5.840
5.798
4.443
3.681
3.638
3.596
2.241
2.832
4.161
3.391
3.936
3.946
3.956
5.228
3.874
5.776
5.734
5.691
4.337
5.659
5.616
5.574
2.138
2.943
1.631
2.226
2.550
3.872
2.525
3.120
3.130
3.087
3.097
3.107
3.118
2.951
2.951
2.943
2.224
3.860
2.943
2.951
2.224
2.548
3.877
3.115
2.943
2.943
2.951
2.943
2.943
2.943
2.943
2.943
2.216
3.852
3.810
3.042
2.216
4.073
4.030
3.988
3.945
4.490
4.447
3.677
3.687
3.698
3.655
2.958
2.943
1.639
2.234
3.513
2.743
2.943
3.488
2.951
2.943
2.943
1.639
3.546
4.088
4.045
4.002
2.648
3.250
4.572
3.802
3.812
3.822
3.832
3.842
5.165
5.721
5.679
1.666
3.519
3.484
3.441
3.399
2.943
2.943
2.943
2.943
2.943
2.951
3.496
2.726
3.270
3.281
3.291
3.248
3.258
4.580
4.545
4.502
4.460
3.105
5.008
4.965
3.611
2.943
2.943
2.943
2.943
2.216
2.761
2.721
4.050
4.008
4.550
4.507
4.465
2.943
1.631
2.943
3.486
2.716
3.988
3.952
3.910
4.459
4.417
4.959
3.604
4.926
3.572
4.894
3.539
5.399
5.364
4.010
4.020
5.342
5.884
5.841
4.487
5.027
6.738
6.114
2.874
4.196
3.427
3.536
3.500
2.146
2.740
4.063
4.027
3.985
2.943
2.943
2.943
2.216
3.488
2.134
2.674
2.684
4.606
4.563
3.794
3.804
5.126
5.083
5.040
4.998
6.132
4.016
3.974
2.619
3.210
2.943
2.943
1.631
2.226
2.771
4.093
4.050
2.224
2.822
2.839
4.169
4.713
4.531
5.853
4.506
5.828
5.785
4.431
4.388
5.657
4.888
4.845
6.167
3.466
3.424
2.069
3.922
3.152
3.162
2.943
2.951
2.943
2.943
2.943
2.943
3.528
3.486
3.443
3.400
2.630
3.782
3.792
3.750
5.072
3.717
5.039
4.996
4.954
4.911
3.557
5.418
5.960
5.918
5.875
6.425
6.382
6.339
6.304
4.188
4.146
3.968
5.290
4.520
4.478
5.800
5.764
3.057
1.702
2.828
4.100
2.745
2.943
2.943
2.943
2.943
2.943
2.943
2.216
3.488
2.718
3.263
2.943
2.943
1.639
2.234
2.194
2.742
4.071
3.301
2.943
2.943
2.216
3.488
3.446
2.943
2.216
3.488
2.134
4.571
4.543
4.501
3.731
5.003
4.233
5.555
5.520
4.165
4.706
6.613
6.570
3.862
4.407
4.364
3.595
3.605
3.562
3.528
2.758
2.718
3.848
5.708
6.253
4.898
6.812
4.104
4.062
4.019
2.943
3.538
2.184
4.136
4.094
4.051
2.943
2.943
2.216
3.852
2.498
3.820
3.777
3.734
3.692
2.337
2.932
4.204
4.161
4.119
4.076
3.528
3.486
3.443
3.400
3.950
3.180
3.190
2.943
1.631
3.534
4.076
3.306
3.316
2.943
2.224
2.768
4.090
4.048
2.701
4.023
3.980
3.937
3.895
2.540
2.943
2.943
2.216
3.488
3.446
2.943
3.486
3.443
2.088
3.995
3.952
3.910
3.867
3.825
3.782
3.739
2.943
2.943
2.951
3.543
3.528
3.486
4.030
3.988
2.943
2.943
2.943
2.943
3.486
3.443
2.673
3.995
3.952
2.943
2.951
1.631
2.226
4.454
1.631
2.226
2.771
4.255
2.901
4.754
3.986
5.908
4.553
5.883
3.175
3.132
3.090
3.047
1.692
1.703
2.297
4.154
4.112
2.943
2.216
3.488
2.718
2.943
4.215
4.173
4.130
4.088
5.004
4.961
4.919
5.463
5.421
5.378
4.975
6.297
6.254
6.212
4.857
6.774
5.419
6.742
6.699
6.656
6.614
6.571
5.224
7.721
8.264
2.748
4.070
4.027
3.985
2.951
2.943
2.943
2.951
2.951
2.216
2.540
3.135
3.145
3.155
3.165
3.175
4.497
3.727
2.951
2.216
2.943
1.639
2.961
2.216
3.546
3.503
2.156
3.478
3.435
3.393
2.623
2.943
1.631
3.538
2.768
4.635
4.593
2.943
2.943
2.943
2.216
2.540
2.550
3.872
2.518
4.379
2.943
2.943
3.488
3.446
2.091
3.994
2.639
3.961
1.631
2.953
2.943
3.528
2.174
2.714
2.732
2.742
4.064
3.304
3.895
5.217
5.174
5.716
5.674
5.639
5.596
4.841
6.170
6.128
4.773
4.783
5.385
6.707
5.353
6.675
3.240
3.250
3.260
3.270
4.599
4.557
3.787
2.943
2.943
2.943
2.943
2.943
2.951
2.951
2.224
2.818
2.828
3.370
4.650
4.607
3.253
4.575
4.532
5.669
2.961
2.943
2.216
3.488
4.038
3.995
3.952
3.910
3.875
3.105
2.216
3.125
3.135
2.943
2.943
2.951
2.943
2.943
2.943
3.536
2.943
2.216
3.852
4.394
3.040
4.362
2.943
2.943
1.631
2.172
3.494
2.724
3.269
3.279
3.289
4.611
3.841
5.164
5.121
5.086
5.043
5.000
4.958
4.915
4.873
4.830
4.787
4.745
4.562
4.572
5.894
4.562
5.884
5.117
5.708
7.045
7.002
4.301
3.532
4.854
3.499
4.821
4.778
4.009
4.019
3.256
3.214
3.031
4.353
4.318
4.275
4.820
3.466
3.476
4.066
4.076
5.398
5.356
4.001
5.323
3.200
3.158
2.216
3.488
3.306
3.316
3.326
3.283
4.553
3.783
5.052
4.290
5.612
2.943
2.966
2.943
2.943
2.174
3.496
3.092
3.102
4.424
1.631
2.953
3.528
3.486
3.450
1.631
3.534
2.180
3.502
3.459
4.001
3.966
2.216
4.073
4.030
3.988
3.945
2.590
3.913
3.870
3.827
2.480
1.631
1.641
3.544
2.774
3.531
4.853
3.498
4.820
3.466
3.476
4.798
1.631
2.226
3.498
3.456
3.413
3.370
2.016
1.631
2.953
3.528
3.486
3.443
3.400
3.358
2.943
2.231
3.503
2.148
3.470
2.116
3.438
3.395
2.625
3.897
2.943
2.943
2.943
2.761
4.033
4.942
2.943
3.488
3.446
2.091
2.686
3.531
3.541
2.943
2.943
2.951
2.951
2.943
2.943
2.943
3.528
3.486
3.443
3.400
3.358
2.010
3.863
3.821
2.466
2.476
3.798
3.756
3.713
2.358
3.680
3.638
4.190
3.428
4.757
3.987
2.808
4.130
4.088
4.045
4.590
3.235
4.557
4.515
5.424
4.084
2.013
2.943
2.943
2.943
2.943
2.216
3.488
4.030
3.988
2.224
2.951
2.224
3.867
3.824
3.647
3.657
4.979
4.209
2.943
2.216
2.943
2.943
2.951
3.528
3.486
3.443
3.400
2.046
2.056
3.916
3.888
1.631
2.226
3.498
2.728
3.273
3.283
3.241
1.654
2.976
2.216
3.488
3.446
3.410
2.056
3.378
2.608
3.930
2.216
3.488
2.726
4.593
3.238
3.855
5.769
4.414
5.737
4.382
4.339
5.661
5.619
6.171
6.136
6.093
3.977
3.935
3.900
3.857
3.090
4.993
4.957
5.502
6.044
5.282
3.939
3.896
3.126
3.136
3.146
4.468
5.018
4.975
4.933
4.890
4.847
4.077
2.943
2.224
4.090
3.320
3.278
4.600
3.245
4.567
4.525
4.490
4.447
3.677
3.687
2.216
3.488
3.446
3.410
3.952
2.613
3.942
3.900
2.545
3.147
3.692
2.216
3.488
2.134
3.456
3.413
3.370
3.343
2.573
3.845
3.810
3.767
3.584
3.595
2.216
2.811
4.083
4.040
2.686
4.008
3.965
3.923
3.880
3.110
3.701
3.536
3.508
2.943
1.631
2.226
3.506
2.736
2.943
4.840
4.798
5.340
5.297
5.842
4.487
6.390
5.035
7.473
7.449
7.406
7.364
6.009
5.967
7.289
6.519
6.529
6.486
3.838
3.849
5.171
5.128
5.085
5.043
3.696
5.018
4.975
4.940
4.897
4.855
4.812
2.216
3.852
2.498
4.350
3.580
3.591
3.548
3.565
6.010
3.302
3.267
3.225
3.197
3.742
2.972
2.932
4.786
4.743
3.396
4.718
4.676
4.633
3.866
5.188
5.145
5.687
5.645
3.528
3.486
2.716
2.943
4.215
4.180
4.145
3.390
4.662
3.892
3.902
3.860
5.182
5.146
4.743
4.753
6.660
6.617
6.575
5.228
2.572
3.894
3.852
3.809
3.767
3.724
2.369
3.692
4.234
4.191
4.148
2.216
2.590
3.912
3.870
3.827
3.792
3.749
2.979
2.989
2.216
2.761
4.083
3.313
3.323
5.180
5.137
5.095
5.060
3.705
1.634
2.956
2.943
2.943
2.216
4.080
4.038
2.683
4.005
3.977
2.630
3.952
3.917
2.562
3.884
3.842
3.664
4.986
3.632
4.226
4.236
4.246
5.516
5.473
6.018
5.975
3.125
2.943
2.943
2.943
2.943
2.216
2.590
3.920
2.943
2.216
2.943
2.548
3.870
3.827
2.951
2.943
2.943
3.528
3.486
3.443
3.400
3.358
3.315
1.960
3.283
3.240
1.885
3.111
2.943
1.631
3.538
2.768
2.943
4.223
4.180
2.833
2.943
2.943
2.943
2.943
3.496
3.453
2.098
2.693
3.973
3.930
2.943
2.943
2.216
3.902
2.555
4.465
3.695
3.705
3.715
3.725
2.236
4.831
2.943
2.216
3.496
4.052
4.595
4.552
4.509
3.747
5.607
4.252
5.575
4.220
4.230
6.133
4.778
6.100
6.058
6.015
5.987
5.945
6.489
6.447
6.404
7.534
7.491
7.448
7.406
7.948
3.950
3.960
4.551
5.051
6.915
5.560
6.882
6.840
6.797
6.754
5.400
7.257
7.214
4.506
4.464
3.109
4.438
3.676
4.955
4.186
3.528
3.486
2.958
3.528
3.486
3.450
4.000
3.957
2.603
4.509
4.467
4.424
3.654
2.943
2.943
2.216
2.176
3.498
3.456
1.631
2.953
2.951
2.943
2.943
2.943
2.224
4.095
4.052
2.943
1.631
1.641
2.964
3.528
3.486
3.443
2.088
3.410
3.368
3.325
1.971
4.458
5.000
4.230
3.528
2.758
4.080
4.038
4.002
3.233
2.216
3.852
4.397
3.627
4.881
4.258
4.268
4.226
4.768
6.090
6.047
2.035
2.629
3.174
3.184
1.631
3.534
2.180
3.502
2.732
4.004
2.649
3.251
3.261
2.943
2.216
3.860
3.824
3.054
4.377
3.607
3.617
3.627
2.943
2.943
2.943
2.943
2.943
2.943
2.943
1.631
2.226
3.498
2.144
3.996
2.642
2.652
3.974
4.519
4.476
2.951
2.951
2.231
2.241
3.563
2.793
2.943
4.273
4.822
4.780
4.737
3.383
3.925
2.958
2.216
3.852
3.817
3.774
3.732
2.377
3.553
2.943
1.631
3.912
4.462
4.419
4.377
4.334
4.876
4.841
4.071
4.613
3.865
3.822
3.779
4.322
4.279
4.236
2.951
2.951
2.224
3.496
2.726
3.998
3.955
2.601
3.945
3.902
4.452
4.409
4.366
4.331
4.289
2.934
2.943
2.216
3.488
4.033
3.263
4.585
4.543
4.500
4.457
4.415
4.372
4.917
4.882
4.839
5.384
5.341
5.299
5.256
1.836
1.846
3.168
3.710
4.252
4.209
2.855
4.177
3.422
3.432
2.943
2.943
2.943
2.943
1.639
2.234
3.870
3.834
3.065
3.089
3.684
3.642
3.652
3.528
3.486
4.030
3.988
3.218
4.487
4.445
4.989
4.947
4.904
4.862
1.631
2.953
2.943
3.486
3.443
2.088
3.410
3.368
3.333
3.290
3.247
3.205
2.435
2.980
2.990
2.947
4.269
3.502
2.216
4.444
3.674
2.951
3.528
2.174
2.768
2.728
2.738
3.333
1.631
2.953
3.496
3.460
2.106
2.701
4.023
3.980
3.937
3.168
3.712
5.034
4.992
4.222
2.216
2.943
1.631
2.961
2.216
3.852
3.090
4.359
2.216
4.073
4.030
2.676
3.270
3.281
3.883
2.943
2.943
2.216
2.234
2.782
3.324
3.334
3.344
4.666
1.631
3.492
2.137
3.459
2.689
3.961
3.933
2.586
2.604
3.933
4.483
3.713
3.723
2.943
2.943
2.216
3.488
2.718
3.990
3.948
3.178
3.188
2.943
2.943
1.631
2.172
3.494
2.724
4.046
4.591
4.549
3.194
4.388
4.346
3.010
3.555
3.512
4.057
2.702
4.616
3.854
3.811
5.668
2.975
3.884
3.841
3.799
3.756
2.401
3.731
2.376
3.698
3.656
1.631
2.943
3.488
4.033
2.678
4.000
3.233
4.555
3.201
4.523
4.480
3.718
1.631
2.953
2.943
2.943
2.951
2.943
2.951
2.216
3.488
2.718
3.990
3.948
3.193
3.203
3.160
3.528
2.758
2.816
4.095
2.748
4.070
3.682
5.004
3.649
2.943
1.631
2.234
3.870
3.466
5.373
5.331
5.288
3.165
3.122
3.080
3.037
2.267
2.812
3.407
3.364
3.374
1.631
2.953
1.639
2.234
2.194
3.523
3.480
3.438
3.395
4.304
2.949
2.960
4.282
4.246
4.204
2.849
4.706
3.536
2.766
2.943
4.265
3.496
3.453
4.775
4.732
4.690
4.647
4.605
3.250
3.792
2.943
1.631
2.953
2.943
2.943
2.943
2.943
2.943
2.216
2.811
4.255
4.213
4.755
4.712
2.943
2.943
3.486
2.716
4.038
2.683
4.013
3.970
4.159
5.428
5.970
5.928
2.493
3.401
4.723
4.681
4.638
4.596
4.553
3.198
3.793
5.065
5.030
5.575
4.220
4.811
4.821
4.831
6.153
6.111
6.068
6.025
5.983
5.940
4.586
3.242
3.200
3.157
3.115
1.760
3.082
3.039
2.997
2.954
2.216
3.125
3.670
3.627
4.949
4.179
4.189
5.461
5.419
5.376
5.334
5.876
5.833
5.798
5.755
4.401
4.411
4.368
3.606
3.563
3.520
2.751
4.023
3.980
3.210
3.766
5.668
3.553
3.510
2.943
2.943
4.078
3.308
3.318
3.275
3.233
3.243
2.951
3.528
2.758
4.030
3.988
3.945
3.183
4.505
4.462
4.419
2.943
2.943
2.224
2.943
2.216
3.538
3.496
3.453
2.683
3.955
2.216
4.080
4.038
4.010
3.240
4.562
4.519
4.484
4.442
3.672
3.629
4.899
4.856
3.509
4.643
4.653
3.310
3.267
3.824
2.470
3.792
3.022
3.032
3.948
4.543
4.553
5.875
3.174
3.132
3.089
3.047
1.699
3.029
1.674
3.577
2.807
4.079
4.037
4.001
3.231
4.554
4.518
3.748
3.706
3.716
3.726
3.736
3.746
1.631
2.226
3.498
3.456
3.428
2.943
2.951
2.216
3.852
2.498
3.820
3.050
1.654
2.976
2.943
1.639
2.961
2.943
3.528
4.444
4.409
4.366
4.324
2.969
3.564
3.574
3.532
3.542
3.499
4.828
4.786
4.751
1.918
3.240
3.197
2.427
3.749
3.707
3.664
3.629
3.586
3.544
3.501
1.631
2.953
2.216
3.546
3.510
3.475
3.433
3.390
2.043
3.365
2.018
2.612
2.622
3.944
3.902
2.547
3.138
3.680
4.225
4.235
5.504
5.462
6.011
4.657
4.667
3.338
1.984
2.579
3.858
2.503
3.825
3.790
3.020
2.943
2.216
2.761
2.943
4.273
4.230
3.073
3.262
4.584
4.542
4.499
4.456
4.421
3.651
2.943
2.216
3.488
2.134
3.456
3.413
3.370
3.328
3.285
3.830
3.787
3.018
4.340
3.570
3.580
3.536
3.508
1.639
2.961
1.639
2.234
3.513
2.743
2.711
4.033
3.990
2.943
3.488
3.310
3.320
3.331
4.653
3.298
3.840
4.431
5.753
5.710
5.668
4.321
5.643
5.600
5.557
5.515
6.057
6.014
3.314
3.271
1.639
2.216
3.496
3.453
3.418
3.375
2.216
4.123
4.088
3.318
3.275
3.285
2.943
2.943
2.943
2.943
2.943
2.943
1.631
2.757
1.631
2.757
3.302
4.210
4.221
2.216
3.496
2.141
3.994
4.910
3.555
3.565
4.887
4.845
4.802
4.032
5.354
4.000
4.010
5.913
5.870
5.827
5.785
2.943
1.631
2.226
2.943
2.943
2.943
1.631
2.226
2.186
2.781
3.326
3.336
3.293
4.615
4.573
4.530
4.488
4.445
3.098
4.420
2.216
2.943
2.216
2.761
4.033
2.678
1.631
3.484
2.714
3.986
3.216
3.227
3.237
3.247
3.257
3.267
2.943
2.943
2.216
3.488
3.446
2.091
3.216
2.216
3.538
4.080
3.310
2.943
1.631
2.953
2.943
2.943
2.943
1.631
2.976
2.943
2.943
1.631
2.953
2.943
2.174
3.496
3.453
3.410
3.368
3.325
1.971
2.565
2.525
3.847
2.493
3.815
3.772
3.730
4.272
4.229
4.187
4.144
4.101
4.059
4.016
2.943
1.631
2.953
2.231
2.191
4.098
4.055
3.285
4.615
4.572
4.530
4.487
4.444
3.090
3.100
3.691
3.701
3.711
3.668
1.631
2.953
2.216
3.488
2.134
4.621
3.859
3.816
3.826
4.326
5.602
5.560
4.205
5.527
2.943
3.536
4.078
4.035
3.265
3.275
3.285
3.528
3.493
2.146
2.740
4.013
2.658
3.249
3.259
3.269
3.528
3.486
3.443
2.088
3.998
2.644
3.966
3.923
4.465
3.696
3.653
3.663
3.620
3.630
3.588
2.943
2.943
2.216
3.852
3.810
3.774
3.597
6.046
2.026
3.878
3.843
4.388
4.345
4.310
2.956
2.943
2.943
2.216
3.538
3.496
3.453
4.005
2.651
2.668
3.990
2.635
3.965
3.930
3.160
1.631
3.352
3.362
3.319
3.860
3.528
2.758
4.080
4.038
3.995
2.648
2.658
3.980
3.937
3.895
3.852
3.810
3.767
2.997
3.007
2.216
3.538
2.184
1.631
2.757
4.079
4.036
3.994
3.224
2.943
2.943
1.639
3.546
2.191
4.094
2.739
4.061
2.943
1.631
2.968
1.631
2.961
3.528
2.174
4.076
3.314
1.631
2.953
2.943
2.216
3.488
4.033
2.943
2.216
3.538
3.503
2.148
3.470
2.123
3.445
3.417
3.375
3.340
3.297
3.842
3.799
3.757
2.402
4.305
4.262
2.908
4.810
4.775
4.733
4.697
3.935
1.631
2.807
4.079
4.044
4.001
2.647
3.969
5.108
5.066
5.030
4.260
4.271
5.547
4.193
4.784
6.106
6.063
3.362
3.320
3.277
2.510
3.832
3.790
3.747
2.943
1.646
2.968
2.943
2.943
2.943
2.943
1.631
2.172
4.032
3.262
4.585
4.542
3.772
1.631
3.542
3.499
3.456
2.102
2.119
3.441
3.399
2.629
2.604
3.146
4.418
4.375
3.608
5.461
5.433
5.390
5.932
5.897
3.197
1.857
1.867
1.877
6.166
4.811
2.156
3.478
2.708
3.980
3.220
4.542
5.087
3.733
3.743
5.646
5.603
5.560
5.540
5.497
5.455
5.997
3.289
2.519
4.205
4.162
2.943
3.536
2.766
4.088
2.733
2.216
2.184
1.631
2.226
3.498
3.456
2.943
2.216
3.902
3.860
3.090
3.100
2.951
2.943
3.488
3.446
2.216
2.176
2.717
4.039
4.004
3.969
4.511
5.060
4.290
4.248
4.789
6.111
2.091
2.101
2.696
3.975
4.520
3.750
3.760
3.770
3.780
3.790
5.062
5.020
5.562
5.519
4.752
4.762
4.772
7.210
5.855
5.685
5.642
4.287
4.245
4.255
4.212
5.482
5.439
5.396
5.939
5.896
2.468
3.427
3.437
3.447
3.457
4.881
5.585
6.142
6.099
6.057
2.037
2.047
3.369
3.326
2.556
3.878
3.836
3.066
3.076
2.943
3.528
2.758
4.030
3.260
3.270
2.943
3.488
3.446
3.403
3.368
3.325
2.555
2.929
3.524
3.534
3.544
3.554
3.564
4.886
3.532
5.385
5.342
2.943
2.943
1.631
2.226
3.506
2.151
3.473
2.703
4.258
2.903
4.226
4.775
4.732
4.690
4.647
3.293
3.887
2.943
2.943
2.951
2.216
4.073
4.030
3.528
3.486
3.443
3.985
3.942
3.900
2.224
2.943
2.943
2.943
2.943
2.823
3.368
1.631
2.226
3.498
2.144
3.466
3.062
3.665
2.951
2.943
1.631
2.172
2.774
4.054
4.963
4.927
4.885
4.122
3.364
3.321
3.279
2.216
4.083
4.040
3.998
3.815
3.825
5.147
5.105
5.062
5.020
5.562
5.519
5.476
4.122
5.444
5.401
5.943
1.931
2.526
4.212
4.754
4.711
3.357
4.679
3.324
4.654
4.618
4.576
4.541
4.498
4.455
3.101
4.423
4.380
3.026
3.616
3.626
4.949
4.189
4.018
3.983
3.948
3.178
3.188
5.060
5.017
3.662
4.985
4.949
5.499
6.643
3.935
3.165
3.123
3.133
3.143
4.465
3.110
3.528
3.486
2.131
3.453
3.410
2.943
2.951
2.216
3.902
3.860
4.419
3.649
3.607
2.943
2.943
2.943
2.943
2.943
2.951
2.216
3.175
2.943
2.216
2.768
4.040
4.585
4.543
4.500
3.730
3.740
3.750
3.760
3.770
2.943
2.943
2.943
2.943
2.951
2.191
3.316
3.274
3.284
5.141
2.290
3.562
4.471
3.117
3.707
2.216
3.488
3.446
2.091
3.994
3.224
4.493
4.451
3.681
4.953
4.183
4.193
4.203
4.213
4.171
4.181
4.191
4.201
6.054
3.346
3.528
3.486
3.443
3.408
3.365
2.595
3.140
2.943
1.631
2.226
2.550
2.943
2.951
2.943
2.216
2.540
3.862
3.100
3.110
4.382
3.027
4.357
4.314
2.943
2.951
2.943
2.943
2.216
4.083
4.048
2.943
3.488
3.446
3.403
3.360
2.590
4.227
4.184
4.141
2.943
1.639
1.656
1.666
3.519
2.172
3.494
2.139
3.528
2.174
4.026
3.984
3.229
3.239
5.095
2.972
2.216
2.761
2.771
3.366
3.376
4.698
3.343
4.665
4.623
3.536
2.766
4.038
3.268
3.278
4.600
3.830
2.943
2.943
2.943
2.943
2.951
2.231
2.833
4.105
4.063
4.020
3.977
3.935
3.892
4.452
4.409
6.512
3.804
3.762
3.719
3.691
3.649
2.294
2.304
2.895
4.217
4.174
4.132
4.089
4.047
4.004
3.961
3.191
3.736
5.058
5.016
4.980
4.938
3.591
1.631
2.943
2.943
1.631
2.953
2.943
2.951
2.943
2.951
2.216
3.538
2.943
1.631
1.631
3.538
3.496
3.453
2.683
3.228
3.238
3.783
2.216
2.761
2.721
2.943
1.631
2.757
2.767
3.358
2.943
1.631
1.641
2.236
3.558
3.516
3.480
3.445
3.403
3.360
2.598
3.870
3.834
2.480
2.490
3.085
2.943
2.216
2.176
3.309
2.943
2.943
2.943
2.943
2.216
2.768
2.736
4.590
4.547
4.505
4.462
4.427
4.392
3.622
3.632
3.642
2.943
2.216
3.852
3.810
2.455
4.369
3.599
4.921
4.151
4.162
4.172
4.182
4.192
4.149
5.343
6.665
6.623
6.580
7.130
4.429
4.974
4.931
2.943
3.488
2.718
2.678
3.220
3.178
3.188
2.216
2.176
3.506
3.463
3.420
2.651
2.618
1.631
2.961
2.943
2.943
2.943
2.943
2.943
2.943
1.631
2.953
2.943
2.943
2.943
1.631
2.953
1.631
2.943
2.943
2.943
2.943
2.943
2.216
3.528
2.758
4.038
3.995
2.655
3.977
3.935
3.892
3.850
3.080
3.090
2.216
4.073
4.030
2.676
4.005
3.963
3.920
1.631
2.961
2.216
3.488
3.446
2.098
4.001
3.966
3.196
2.943
2.943
3.528
3.486
2.716
3.995
2.951
2.184
3.506
2.743
2.943
1.631
1.641
2.964
2.943
2.540
3.862
3.820
2.465
4.379
3.617
3.627
3.637
3.647
2.943
2.216
2.540
3.131
3.141
3.098
4.370
4.328
4.285
4.827
2.951
2.943
2.943
2.943
2.216
3.488
2.718
3.313
3.270
4.593
4.550
4.515
4.472
3.710
5.631
4.277
4.287
5.609
5.566
5.524
4.169
4.179
4.189
6.092
6.049
6.014
3.891
3.848
3.078
4.226
4.183
4.194
5.516
2.665
1.631
4.119
3.349
3.306
2.943
2.943
1.631
1.641
2.964
3.536
2.181
3.503
2.733
4.255
4.213
4.170
2.816
4.138
2.783
4.105
2.943
1.639
2.961
1.631
2.953
3.528
2.174
2.714
4.036
3.994
3.224
4.553
1.631
2.172
3.494
3.452
4.368
4.325
4.290
3.520
4.842
4.800
4.030
6.471
6.429
5.074
6.927
5.572
4.229
4.186
4.144
4.101
4.059
4.601
3.831
3.841
3.798
2.943
2.943
3.493
4.042
2.943
3.543
3.515
3.472
2.125
2.216
2.176
2.186
3.508
3.466
3.430
3.395
3.360
3.317
1.963
3.285
2.515
2.482
3.805
3.762
2.407
3.961
3.971
2.943
1.631
1.641
3.494
2.943
2.951
2.943
2.943
2.951
2.943
2.943
2.943
3.488
3.446
2.676
3.955
3.913
3.870
3.827
3.792
3.750
3.707
3.664
3.622
2.274
2.285
3.607
3.564
3.521
3.479
2.124
3.977
2.622
2.943
2.943
2.943
1.631
3.484
3.442
1.631
2.953
2.943
2.951
2.943
1.631
3.484
3.442
3.406
2.052
4.499
4.457
4.414
4.379
4.344
3.574
4.193
6.108
6.065
4.710
6.032
4.678
2.943
2.216
3.488
2.141
2.736
2.696
4.018
2.663
2.943
2.943
2.943
3.528
3.486
2.131
3.453
3.425
2.655
3.927
2.573
3.168
3.178
3.188
3.205
3.215
3.225
4.547
4.505
4.462
3.107
3.702
4.972
4.929
4.167
4.177
4.187
4.197
4.154
4.164
4.174
5.446
4.092
5.421
5.386
5.928
5.885
3.178
2.216
2.224
3.496
4.404
3.050
4.372
4.329
4.287
4.244
4.201
2.847
4.169
3.399
3.409
4.731
4.688
4.646
4.603
4.561
2.943
1.631
1.631
2.953
2.943
2.951
2.216
3.175
3.185
3.142
4.464
2.943
2.943
2.943
1.631
4.076
4.034
4.006
2.943
2.216
3.538
3.496
2.141
2.736
4.058
2.943
2.943
2.943
2.943
2.943
2.943
2.951
2.216
3.538
3.496
3.460
2.693
3.295
3.305
3.315
2.943
2.943
2.943
2.943
3.528
1.631
3.484
3.442
3.528
3.486
2.716
2.943
3.488
1.639
2.961
2.943
2.951
2.951
2.943
2.246
3.568
3.525
3.505
2.735
2.943
2.943
2.958
2.943
2.951
2.216
3.546
2.216
3.553
4.095
4.052
4.597
1.631
2.953
3.498
3.456
3.413
3.370
2.601
2.611
3.201
3.159
3.116
4.438
3.676
2.224
3.510
4.052
4.010
3.247
3.257
3.802
3.760
3.770
3.780
5.102
5.059
5.017
4.974
3.619
4.949
4.906
5.466
5.431
5.388
4.048
5.370
5.912
5.870
5.827
6.369
6.327
3.634
3.598
3.556
2.786
2.943
3.488
3.498
3.508
2.943
2.176
3.302
3.312
2.943
2.943
3.543
3.528
3.486
3.443
2.216
2.176
2.771
4.043
4.000
2.646
2.951
1.631
3.484
2.130
4.032
3.990
3.807
3.817
3.827
3.837
5.107
5.064
5.022
3.667
4.996
4.969
4.926
4.883
4.848
4.806
4.763
5.305
3.951
4.541
3.198
3.156
2.386
3.658
2.216
3.488
2.718
3.270
4.593
3.823
2.216
2.176
2.186
2.196
3.518
2.748
4.028
2.673
3.995
3.960
2.943
2.943
2.943
2.224
4.076
2.722
3.316
3.327
5.181
3.826
3.836
2.358
4.215
4.172
4.129
2.943
3.543
3.500
3.458
3.415
2.645
1.631
1.649
2.244
3.573
2.218
2.813
3.408
4.730
5.272
5.822
5.787
4.432
5.754
5.711
5.691
4.921
6.190
6.148
6.700
6.657
5.303
5.313
5.855
5.812
7.134
5.780
5.737
7.067
7.024
6.989
5.634
6.964
3.536
3.493
3.451
4.773
4.730
3.968
3.978
5.300
4.530
6.394
5.047
6.369
6.326
3.626
2.271
3.593
2.246
2.887
4.209
4.751
3.397
4.726
3.371
4.693
4.651
4.608
3.254
4.576
4.533
3.178
3.773
3.783
3.793
4.336
2.216
3.488
3.446
3.403
3.360
2.943
1.639
3.542
2.774
4.096
4.054
4.011
2.657
3.979
5.120
5.662
5.620
4.265
6.122
4.767
4.777
6.100
6.057
6.022
5.979
5.936
2.516
3.061
1.631
2.953
1.631
3.584
3.542
3.499
2.951
2.184
3.309
2.216
3.852
4.394
1.631
1.646
2.968
1.639
1.649
1.666
2.943
2.943
1.631
2.953
2.943
1.631
3.484
3.442
2.216
3.125
3.135
3.145
4.467
3.120
2.943
2.943
2.943
2.943
2.943
3.536
2.181
2.776
3.320
3.331
3.341
2.951
2.958
2.943
2.943
2.943
2.943
2.951
2.943
3.493
3.450
2.096
3.418
3.375
3.917
2.563
3.157
4.427
3.072
4.394
4.352
3.584
4.175
4.185
2.216
2.943
2.943
2.943
2.943
2.943
1.631
2.953
2.943
2.943
2.943
2.943
2.216
2.176
3.498
3.456
3.413
2.058
2.653
3.925
2.571
3.161
3.172
3.182
3.192
2.216
2.761
2.943
4.265
3.503
5.427
5.385
4.030
6.484
6.441
3.741
3.570
4.892
2.216
3.488
2.943
2.943
2.943
2.224
3.496
2.726
3.270
4.593
5.145
5.102
5.060
5.017
4.974
3.620
4.214
4.225
4.235
4.245
2.216
3.902
3.860
4.402
3.047
4.369
2.943
3.486
3.443
3.400
2.943
3.536
3.493
3.450
3.992
3.950
3.180
3.190
4.467
2.951
2.943
2.216
3.488
3.446
3.403
3.360
2.598
2.922
2.932
4.254
3.851
4.393
5.715
4.360
2.951
2.943
2.540
2.550
2.943
2.943
2.943
1.631
2.953
2.943
2.761
4.033
3.855
2.943
2.958
3.536
3.493
2.723
2.733
3.328
5.185
5.157
5.114
5.072
5.614
4.259
4.217
4.227
2.216
2.176
4.136
4.094
2.943
2.943
1.631
2.953
1.639
2.961
2.943
2.943
2.943
2.943
2.943
3.488
3.446
3.403
2.048
2.943
2.966
2.943
2.951
2.943
2.943
2.943
3.536
4.078
4.035
4.000
2.653
3.975
3.932
2.577
3.900
3.857
3.814
3.772
2.417
2.427
3.022
4.351
4.309
2.954
2.964
4.286
3.516
3.526
2.943
2.943
2.958
1.639
2.961
2.216
3.488
2.718
4.040
3.998
3.955
3.913
2.943
2.224
2.943
2.943
2.943
2.216
3.488
2.718
2.678
2.688
4.010
3.968
3.205
1.631
2.226
2.186
3.508
2.738
4.258
2.903
2.914
2.924
4.826
4.784
2.943
2.943
2.943
2.943
2.216
2.811
4.083
3.320
3.331
3.288
4.610
4.567
4.532
5.441
5.398
5.356
5.321
5.278
5.820
2.385
2.980
2.990
2.947
4.255
2.901
4.223
4.180
4.730
3.960
5.282
5.824
5.781
5.739
3.623
4.165
2.943
2.943
2.811
4.083
4.040
2.943
2.951
2.216
2.176
2.186
2.196
4.103
4.060
4.025
3.255
3.265
3.276
2.943
1.631
2.943
3.528
2.174
3.496
2.141
2.151
4.004
3.234
3.244
3.254
4.576
3.806
3.543
3.500
2.730
4.002
3.967
3.925
2.570
3.892
3.850
4.392
3.044
4.366
4.324
3.554
3.564
2.943
2.943
2.943
2.943
1.631
3.484
3.442
3.399
3.944
1.631
2.953
2.216
3.488
3.446
2.091
3.413
2.643
3.915
3.145
2.943
2.943
2.943
2.943
2.943
1.631
2.953
1.646
2.951
2.943
1.631
2.968
3.528
2.174
3.496
4.038
2.683
2.693
2.703
4.606
3.836
3.794
5.116
5.073
5.615
5.572
6.117
3.994
4.546
3.192
3.209
4.531
3.761
5.083
5.041
4.271
4.228
4.238
2.943
3.493
3.450
2.688
3.960
3.917
3.875
3.839
2.231
2.776
4.048
2.216
2.176
3.498
4.050
4.008
3.238
4.560
3.798
3.808
3.818
3.828
3.838
3.795
5.117
3.763
5.085
2.969
2.943
2.943
2.540
3.142
3.100
3.110
3.120
2.943
2.943
2.943
2.216
2.226
2.817
3.412
3.422
3.379
3.389
1.631
2.953
3.528
3.486
2.131
3.984
3.806
3.816
2.216
2.176
3.498
2.728
2.943
2.943
1.631
2.953
1.639
2.976
2.943
2.943
2.943
2.216
3.902
3.860
4.402
4.944
4.901
4.131
5.453
5.411
5.953
5.910
3.202
3.160
3.117
3.659
3.617
2.262
2.272
4.760
2.943
2.943
2.943
1.631
2.953
3.543
2.773
2.943
4.223
4.180
4.138
4.095
2.943
2.943
2.943
1.631
2.943
1.631
4.134
4.091
3.321
4.643
3.873
3.883
5.206
5.163
5.708
6.252
6.795
6.752
6.709
4.586
5.128
4.358
5.681
5.638
4.283
5.605
5.570
5.535
5.492
4.138
3.394
3.351
3.894
3.851
2.496
3.826
3.783
1.631
2.216
3.538
2.943
2.943
2.216
3.902
3.860
3.817
3.774
3.747
3.711
2.941
2.943
2.943
3.528
3.486
4.028
3.258
3.268
4.590
4.547
3.777
3.787
3.805
5.127
5.084
3.730
3.740
5.643
4.288
5.557
5.515
5.472
5.430
5.974
6.531
7.073
7.031
7.940
5.816
5.781
5.746
5.711
5.668
5.626
4.856
6.128
4.005
3.962
3.192
3.802
5.074
5.616
4.261
2.216
2.176
3.506
3.463
3.420
3.378
2.216
3.488
2.134
3.175
3.185
3.195
2.943
2.216
3.488
2.721
4.043
2.688
4.010
4.919
3.565
5.467
5.425
5.967
5.924
5.882
5.839
2.216
2.176
3.498
3.456
2.101
3.423
3.380
2.611
2.571
2.581
3.176
3.186
3.196
3.206
2.943
2.224
2.184
4.090
3.320
3.331
4.660
3.305
3.915
3.925
3.935
3.945
3.955
3.965
2.216
3.538
2.768
2.943
3.488
3.498
1.631
2.953
2.943
2.951
2.943
2.943
2.216
2.943
2.943
2.174
3.496
4.625
4.582
3.228
4.550
4.507
4.480
3.710
4.979
4.936
5.479
5.436
4.081
5.934
3.811
3.768
3.726
3.683
2.336
2.943
3.493
3.450
2.943
1.631
1.641
2.971
4.120
4.078
3.308
3.318
3.328
3.285
2.943
1.631
1.641
2.971
3.880
2.525
3.847
3.805
3.769
3.007
3.017
4.339
2.984
4.306
4.264
4.221
2.867
3.409
4.731
3.376
4.698
3.344
5.250
5.208
6.701
4.586
5.128
5.085
5.042
6.179
6.137
4.790
4.747
6.069
6.026
5.991
5.949
6.491
5.144
6.466
2.943
1.631
3.538
1.639
3.542
2.772
4.044
2.216
2.176
3.498
3.456
2.101
3.423
2.068
3.391
2.036
2.053
3.236
4.558
3.811
3.821
3.831
3.841
3.798
3.808
3.766
3.776
3.786
3.743
5.020
4.977
4.935
4.900
5.442
5.399
5.944
4.597
5.919
5.876
5.834
6.376
3.668
2.898
4.220
2.873
4.195
4.160
3.390
3.400
3.942
3.952
2.943
2.216
3.488
2.721
4.043
4.000
3.231
2.943
2.943
1.639
3.492
3.680
3.536
3.493
4.038
2.683
4.005
3.963
1.631
2.953
2.216
3.488
4.030
3.988
3.218
3.228
3.773
3.783
3.793
3.803
3.813
2.943
2.943
2.943
2.943
2.943
3.536
3.493
3.450
3.408
2.638
3.910
3.543
3.500
3.465
2.695
2.216
3.538
3.496
4.048
4.005
3.963
3.193
3.203
3.213
2.943
2.216
2.943
2.943
2.216
2.176
2.186
3.508
2.738
4.010
3.241
3.251
3.261
3.271
3.281
3.291
3.301
3.311
3.321
3.331
3.289
2.943
3.852
4.761
5.310
5.853
4.498
5.820
5.785
5.742
3.034
2.992
1.637
2.216
2.176
3.498
3.456
3.413
2.058
2.068
3.391
3.348
3.305
3.263
2.493
2.453
2.951
3.496
3.453
3.410
2.056
3.378
3.335
3.293
2.523
2.216
3.488
3.446
3.403
3.360
3.318
3.290
3.835
3.807
3.764
2.410
3.739
2.969
2.979
3.570
2.943
1.631
2.226
3.563
2.208
4.119
3.349
2.216
3.488
3.446
3.403
3.360
3.318
3.860
3.817
3.775
3.732
3.689
3.647
2.877
4.255
4.213
3.443
2.943
1.631
2.961
2.216
2.761
4.033
3.990
4.532
4.490
4.447
4.405
3.635
2.216
3.852
3.810
3.774
2.420
2.943
2.951
2.943
2.943
1.631
1.641
2.236
3.508
2.738
3.531
3.541
3.551
3.561
3.518
4.840
2.216
3.406
3.948
3.905
1.631
3.536
3.493
3.450
3.408
3.365
2.595
3.504
1.639
1.649
1.659
2.981
2.216
2.176
3.498
3.463
4.013
3.243
3.253
3.210
3.805
5.127
5.084
3.563
3.521
2.166
3.292
4.621
4.579
4.551
4.508
3.154
4.476
4.433
3.078
4.400
4.358
3.003
3.021
3.611
3.622
3.632
2.943
3.528
2.174
4.026
2.672
3.994
3.951
3.909
3.866
4.408
4.958
3.603
4.208
6.115
6.072
6.029
5.987
1.967
3.289
3.246
1.899
3.221
3.186
3.151
3.108
4.017
3.254
2.943
2.540
3.862
3.092
4.414
4.379
3.025
4.347
4.304
4.261
4.219
3.449
4.778
4.736
3.381
3.976
2.216
3.488
3.446
3.403
2.048
3.909
3.139
3.550
2.780
2.216
2.176
2.767
4.089
2.734
2.943
2.951
3.528
2.758
4.038
1.631
2.757
2.943
4.215
2.861
4.768
2.943
2.943
2.943
2.943
2.943
3.528
3.486
2.216
2.216
2.176
3.498
3.456
3.413
3.370
1.639
2.961
2.943
2.943
2.216
3.902
3.860
3.817
3.047
3.004
3.015
3.025
3.035
5.255
5.213
3.090
1.735
3.057
1.710
1.720
3.042
1.687
3.010
2.216
2.176
2.186
4.089
2.734
4.056
4.014
4.566
3.796
3.754
3.764
3.774
5.630
4.276
4.233
1.631
2.234
3.870
2.226
2.821
4.093
3.331
4.653
4.610
3.255
5.158
5.116
5.073
2.223
3.495
3.452
2.097
3.419
2.065
3.387
3.344
3.302
2.943
2.943
2.951
2.943
2.943
2.943
2.216
4.073
4.030
4.946
4.904
4.861
4.826
4.056
4.066
4.076
3.536
2.181
4.034
2.686
3.296
1.631
2.953
2.216
3.488
3.453
3.270
2.943
2.943
3.528
3.486
3.443
1.631
2.961
2.951
3.493
2.723
2.943
3.528
3.486
4.028
3.992
3.950
3.907
3.865
3.822
3.779
4.921
4.878
4.836
4.801
4.758
4.715
3.946
3.956
3.966
3.976
3.986
2.943
3.528
3.486
2.943
2.943
2.943
1.631
2.953
2.216
2.761
4.839
3.484
3.536
3.493
1.631
2.953
3.536
2.766
2.733
4.055
3.293
3.303
2.943
2.216
3.488
3.446
3.988
3.225
3.183
3.193
3.203
3.213
3.223
1.631
2.953
2.216
3.197
4.466
4.424
4.381
4.339
4.296
4.253
4.218
4.407
4.417
5.739
5.697
5.654
4.299
4.890
6.212
6.170
4.815
6.137
4.783
6.105
6.062
6.019
3.312
3.269
3.234
3.191
2.424
2.434
1.631
1.649
2.943
2.943
2.943
2.943
2.943
1.631
2.953
3.538
3.496
4.040
3.270
3.281
3.238
3.536
2.766
2.726
4.048
3.278
3.288
1.631
2.226
3.192
3.202
4.474
4.432
3.662
2.943
2.216
3.488
3.446
2.091
2.943
1.631
2.172
4.079
4.044
4.586
4.543
3.773
3.783
5.106
3.751
3.761
3.771
5.093
5.065
5.023
4.980
4.945
4.902
4.860
5.404
4.050
5.372
1.631
2.953
2.943
2.943
2.943
1.631
1.641
3.544
2.943
2.943
2.943
1.631
2.953
2.943
2.943
2.216
3.852
2.498
3.088
3.098
3.108
2.216
3.488
4.030
3.988
3.218
2.943
2.808
4.080
4.045
3.275
3.233
3.243
3.253
4.575
3.220
3.815
5.672
5.629
4.275
4.285
2.943
2.943
2.943
2.943
2.943
2.943
2.216
3.488
3.446
3.403
2.633
3.905
4.704
6.026
6.575
6.533
6.490
6.447
6.412
6.370
6.327
4.980
3.637
3.594
3.411
2.951
2.943
2.943
3.536
3.493
3.450
2.096
3.418
2.943
1.631
2.226
3.185
5.042
5.007
4.964
2.943
1.631
2.226
3.498
3.316
4.225
5.494
5.459
6.001
3.892
3.850
3.807
3.765
3.722
3.679
3.637
4.179
4.144
2.789
4.111
4.076
3.306
3.848
4.396
5.718
5.676
5.633
4.279
4.236
4.246
4.256
4.214
4.756
2.100
4.015
3.245
3.255
2.943
2.943
2.943
2.943
1.631
3.538
4.080
4.038
3.995
4.537
4.495
4.452
4.409
4.374
2.943
2.216
3.488
2.943
2.943
2.943
2.943
2.943
2.943
2.943
2.943
2.943
2.943
2.216
3.538
2.184
2.778
3.323
3.333
3.343
1.631
3.484
3.442
2.087
2.628
3.223
3.233
2.943
2.224
3.496
2.943
2.943
2.943
2.943
2.943
2.951
2.943
2.943
3.488
3.446
3.403
2.633
3.905
2.551
4.465
4.422
4.380
4.344
4.302
2.947
4.269
6.370
2.943
2.758
3.536
3.493
2.723
2.943
2.968
3.559
3.516
3.526
2.216
3.902
3.860
3.817
3.047
3.057
3.015
2.216
3.488
3.446
3.260
2.216
4.073
1.631
2.953
2.943
2.943
2.943
1.631
2.226
3.506
3.463
3.428
3.385
3.343
1.988
3.310
2.540
2.508
3.830
3.060
3.017
3.027
3.569
1.631
1.641
1.652
1.662
2.252
3.582
2.812
4.134
4.091
4.049
4.006
3.964
3.928
3.886
3.843
3.801
3.765
3.723
3.680
3.645
2.875
3.531
3.541
3.551
3.561
3.528
2.758
4.030
3.995
4.177
4.187
5.459
3.343
3.300
3.258
2.216
3.488
3.446
3.403
1.631
2.234
2.778
4.050
2.958
2.943
2.943
2.943
3.488
4.038
3.995
3.225
3.235
4.144
4.154
4.112
4.122
4.132
6.569
5.953
5.911
2.475
2.436
3.026
4.296
4.845
4.810
4.767
4.725
1.631
2.953
2.943
2.943
2.951
2.943
2.943
2.943
2.943
2.943
3.488
2.134
3.456
3.413
3.370
3.328
1.973
3.099
3.056
3.066
3.024
2.981
2.991
4.313
3.543
2.943
1.631
1.641
2.971
2.943
1.631
3.538
2.184
2.194
4.096
4.061
3.291
2.943
2.943
2.943
2.216
2.943
1.631
3.484
3.442
3.399
2.216
3.538
2.943
1.631
2.961
1.639
2.961
2.943
1.631
1.641
4.079
2.724
4.046
4.004
3.961
2.607
3.929
2.574
2.592
4.448
4.406
4.363
3.008
4.331
4.288
2.933
4.255
3.486
4.758
3.998
3.239
3.781
2.427
2.969
2.943
2.953
4.290
2.943
2.943
1.631
2.953
2.951
2.216
2.216
2.184
3.506
3.470
3.428
2.943
2.943
2.943
2.943
2.943
2.943
2.216
2.811
2.943
1.631
2.968
2.216
2.761
4.083
4.040
3.998
2.651
4.565
4.522
4.480
4.444
4.409
3.639
3.649
1.631
2.953
3.498
2.943
3.488
3.446
3.990
4.535
4.493
4.450
4.415
4.372
2.943
2.216
2.176
3.498
4.040
4.582
4.540
4.497
2.224
3.132
3.142
3.152
3.162
4.485
4.442
3.087
4.409
3.055
3.650
3.607
3.528
2.174
3.496
2.216
4.123
4.080
3.310
3.853
5.717
5.674
5.632
4.277
5.546
5.504
5.461
5.418
4.071
3.316
3.281
3.823
3.053
3.063
2.943
2.943
2.943
1.631
3.584
3.542
4.450
3.680
3.691
2.943
2.943
2.216
3.125
3.135
3.145
3.155
3.165
3.175
3.185
3.195
1.631
3.484
4.036
3.994
4.543
5.085
5.043
5.000
3.646
4.968
4.925
4.155
4.165
4.123
2.216
3.488
3.446
3.403
2.640
3.913
3.870
3.107
3.118
3.128
3.138
3.682
5.004
4.962
3.607
4.202
2.943
3.353
2.943
2.943
2.943
2.943
2.943
2.761
2.216
3.546
3.503
3.460
2.690
3.963
2.943
2.216
3.488
2.943
2.216
3.538
3.496
3.453
3.410
3.368
3.333
3.290
3.255
3.212
2.442
3.714
2.360
4.212
3.528
1.631
2.953
2.943
2.943
2.943
2.943
2.216
3.902
3.132
3.142
2.943
2.951
3.528
2.766
1.631
2.953
2.943
2.943
2.943
2.943
2.943
2.943
2.943
1.631
2.953
2.771
4.050
2.696
2.943
2.540
3.862
3.820
3.050
2.943
2.943
2.943
2.216
2.176
3.498
4.040
2.686
4.618
3.856
5.178
4.408
3.065
3.022
2.252
3.524
3.482
4.024
3.981
3.938
3.896
2.541
3.136
3.093
3.051
2.943
2.216
4.665
4.622
3.853
3.810
5.132
5.682
5.639
4.284
5.606
4.252
5.574
6.123
3.423
3.380
3.338
2.568
3.113
3.123
4.392
3.622
3.580
3.590
2.216
3.538
2.184
4.086
4.044
3.528
3.486
2.943
3.536
2.181
3.503
3.460
2.106
2.116
2.126
2.728
4.255
2.901
4.223
4.188
4.145
2.790
4.112
4.662
4.619
5.162
3.807
1.736
1.746
3.069
3.033
1.679
3.016
2.246
3.939
3.904
3.861
4.991
4.963
2.943
2.216
3.488
2.134
3.456
3.428
3.973
3.930
3.887
3.845
3.802
4.344
4.302
4.851
4.809
4.766
2.216
3.852
3.810
3.767
3.724
2.954
2.943
4.215
4.173
4.130
3.360
2.943
2.943
2.216
2.176
2.778
4.058
2.703
2.713
4.035
4.952
4.909
4.866
3.512
4.834
4.791
4.756
3.401
4.723
3.954
3.964
5.286
4.890
6.212
6.169
6.127
6.084
3.241
3.251
3.261
3.219
5.706
5.663
5.621
5.578
5.536
5.493
5.450
5.408
5.365
5.907
4.553
5.875
4.520
4.478
5.800
5.757
5.714
3.007
3.551
2.216
2.226
3.402
4.674
3.904
3.914
3.871
2.224
2.184
3.506
3.463
2.701
3.245
3.255
4.577
4.535
5.077
5.034
5.587
5.544
5.501
6.046
6.598
7.140
7.685
7.650
8.200
8.157
6.802
6.051
6.009
5.966
5.923
4.569
5.891
5.848
1.631
3.484
3.442
3.986
3.951
4.496
2.943
2.216
3.488
3.446
3.403
2.633
3.905
4.450
4.407
2.943
2.951
2.943
3.528
4.070
4.028
3.985
3.215
4.487
3.717
3.528
2.758
4.680
4.637
4.602
4.559
4.517
3.162
5.015
4.245
4.255
4.797
6.119
6.077
6.034
5.992
5.949
5.906
5.864
5.828
6.371
6.328
6.293
4.938
4.948
2.878
4.150
4.107
3.337
1.631
2.807
2.767
3.954
5.811
5.768
3.060
2.290
3.562
2.792
2.943
2.943
2.943
2.943
2.216
2.761
2.721
4.624
4.581
4.539
4.496
5.630
4.276
4.286
4.296
5.625
4.271
6.127
6.085
6.042
6.000
5.957
5.922
6.471
3.763
4.308
4.266
4.810
5.355
4.000
4.011
5.333
5.290
3.935
5.257
4.495
2.424
3.747
3.711
3.669
3.626
3.584
3.541
3.498
3.463
4.008
3.238
3.783
3.793
1.631
2.226
3.548
3.506
3.463
3.420
2.658
2.943
2.953
4.276
3.513
3.523
4.792
4.750
3.395
4.725
4.682
4.647
4.604
4.562
3.207
4.529
6.030
3.330
3.294
3.252
3.804
3.761
5.483
6.025
3.325
3.282
3.239
2.470
4.106
4.287
5.617
4.262
5.584
4.046
3.276
3.286
3.296
4.618
4.575
4.533
3.763
3.773
3.783
5.112
5.294
6.616
6.573
3.865
3.528
2.758
2.943
2.953
2.943
2.943
2.216
3.125
2.943
2.943
2.943
2.943
2.943
2.943
2.943
2.943
2.761
3.306
4.628
4.585
3.231
5.511
5.469
3.346
3.303
3.275
3.233
3.190
1.835
1.845
3.820
4.365
4.323
4.280
4.237
2.890
2.216
3.528
3.486
2.131
2.216
3.852
3.082
4.404
4.362
4.319
4.277
2.922
4.779
4.744
5.293
5.835
4.481
5.803
5.775
5.732
5.690
4.927
6.834
2.814
4.143
4.101
4.058
4.016
3.980
3.938
4.490
4.462
4.420
4.377
4.334
4.292
4.249
2.902
1.631
1.641
2.236
2.196
4.099
3.917
2.943
2.943
2.943
2.943
2.943
2.943
1.631
2.961
1.631
1.641
1.652
4.104
2.749
4.652
4.609
4.567
2.943
3.528
3.486
4.038
3.995
3.952
3.910
2.555
3.877
3.842
3.800
3.757
3.714
3.672
3.629
4.171
2.817
4.139
4.096
4.053
2.699
2.709
3.304
3.314
4.583
3.813
2.943
2.943
2.943
2.951
2.943
1.631
2.968
2.951
2.943
2.943
2.943
2.216
3.852
3.082
4.404
4.362
3.592
3.602
5.459
3.336
3.293
3.258
3.800
2.445
3.775
3.005
2.943
1.631
2.953
2.811
4.083
4.048
4.005
2.651
3.973
2.618
3.955
3.912
3.870
3.827
3.784
3.749
3.714
4.264
3.494
2.943
3.496
2.726
2.943
4.255
4.213
4.170
3.988
3.945
3.955
4.455
3.119
3.661
2.943
2.943
2.943
2.943
3.852
4.394
3.627
4.949
4.907
4.864
4.821
4.059
4.069
5.398
4.628
3.285
3.467
4.736
3.382
4.704
4.661
4.618
3.264
3.859
3.869
3.879
3.528
2.758
3.310
2.943
2.943
2.216
4.130
2.216
3.488
2.718
4.040
3.998
3.955
3.913
3.870
2.216
2.761
2.943
1.639
1.649
2.971
2.943
2.943
2.943
2.216
2.540
3.131
3.088
4.410
4.368
4.325
4.283
4.240
2.885
5.429
5.971
3.263
3.235
3.207
3.165
3.122
2.943
2.943
3.528
3.493
3.450
3.408
3.365
3.330
1.975
3.297
3.847
3.804
3.762
3.719
2.949
4.271
4.229
2.874
2.884
3.528
3.486
3.443
3.400
3.358
3.315
3.272
3.822
3.779
3.737
3.694
3.659
4.211
3.441
2.943
2.216
3.902
2.548
2.943
2.943
2.951
2.216
3.488
2.718
3.263
3.220
3.231
3.241
4.563
4.520
4.477
3.123
3.718
5.040
2.943
2.943
2.943
3.538
3.356
2.951
1.631
2.953
2.943
2.943
2.951
2.216
2.761
2.721
4.043
4.000
3.965
3.195
3.205
4.527
3.758
2.216
3.852
2.943
2.943
2.943
3.852
3.082
3.040
3.050
2.951
2.943
2.943
2.943
2.216
3.496
3.453
3.410
2.056
2.073
3.395
2.633
3.528
4.800
4.758
4.715
4.672
4.630
4.587
3.233
5.135
5.677
4.323
5.645
4.290
5.562
5.520
5.485
5.442
5.399
5.372
5.336
5.878
5.836
5.793
3.085
1.731
3.053
2.290
3.562
2.792
4.065
2.943
2.943
2.943
2.943
1.631
1.649
2.971
3.528
3.486
2.131
3.460
4.377
4.919
4.156
2.943
2.216
2.761
4.033
3.990
3.220
2.943
2.216
3.125
3.082
4.404
3.634
3.592
3.602
4.871
4.829
3.474
5.381
5.938
5.895
5.853
5.810
2.375
2.920
4.843
3.496
4.818
4.775
5.905
5.862
3.739
2.384
3.706
3.664
3.621
4.751
4.708
3.353
4.675
2.943
1.639
2.187
4.094
4.051
4.009
4.553
3.791
3.801
1.631
2.226
2.951
2.943
2.943
2.943
1.639
2.943
2.943
2.540
2.943
3.528
4.080
4.045
4.002
3.960
3.917
3.875
2.943
2.943
2.943
3.528
2.758
4.030
3.988
2.633
4.536
3.766
3.776
2.943
2.943
2.943
2.943
1.631
3.484
4.026
2.672
3.994
3.951
2.604
3.926
2.571
2.216
2.184
3.506
2.743
4.015
2.661
3.251
3.269
3.279
3.289
4.611
4.568
4.526
4.483
5.028
5.570
5.528
5.485
5.442
5.984
5.942
3.234
3.191
2.429
2.389
2.984
2.943
3.528
3.493
1.631
2.172
3.494
3.452
2.943
2.943
2.224
2.818
2.943
2.943
4.808
4.765
4.722
4.687
3.333
3.927
3.937
5.259
5.802
4.447
6.304
6.261
6.219
6.176
6.133
4.779
3.443
2.088
3.410
3.368
3.325
3.283
3.240
3.197
3.155
3.112
3.070
3.027
2.984
2.943
1.639
1.649
2.971
3.516
4.058
2.943
2.943
2.943
2.943
2.943
2.943
1.631
2.953
2.216
2.176
3.498
4.040
2.686
4.008
3.238
3.195
3.205
4.527
5.092
5.634
4.279
5.601
5.559
5.524
5.481
6.023
5.980
4.626
6.529
3.821
3.778
3.008
3.018
3.563
3.573
3.583
4.125
2.943
3.486
3.674
3.632
5.489
4.134
5.456
5.413
5.371
5.328
5.286
3.931
5.838
1.818
3.140
1.785
1.795
2.398
2.216
2.176
3.498
3.456
3.413
3.955
3.913
2.558
3.880
3.110
3.120
3.130
3.088
3.098
2.224
2.776
2.943
2.216
3.510
3.468
1.631
2.953
1.631
3.538
2.184
2.778
2.738
2.748
4.071
3.301
2.943
1.639
2.961
2.943
2.943
2.174
3.496
3.453
2.683
2.943
2.943
2.216
2.540
3.862
3.820
2.465
3.787
3.744
3.702
2.932
3.477
2.943
2.943
2.224
3.496
4.038
3.995
2.943
2.216
2.768
4.040
3.998
2.651
3.973
2.618
3.528
1.646
2.241
2.786
4.643
4.600
3.245
3.840
5.693
4.923
