2.943
5.966
9.914
11.587
14.666
22.408
23.678
25.587
28.752
31.924
36.258
38.842
42.061
44.645
48.401
49.723
56.149
58.587
62.122
68.406
72.936
72.894
78.544
80.982
84.878
86.780
89.949
91.809
96.338
99.874
106.839
107.381
109.965
114.448
119.566
120.111
121.964
127.074
130.246
133.417
136.582
140.117
142.341
146.150
148.786
153.907
157.126
158.398
162.931
167.415
168.376
171.600
176.721
179.893
183.692
185.552
190.085
194.255
198.782
198.792
205.004
206.907
210.657
214.460
217.629
218.898
223.382
227.131
229.765
232.937
236.152
239.958
241.817
249.149
250.471
254.274
257.496
261.031
264.200
266.644
271.175
273.032
278.096
279.956
285.070
288.234
293.300
299.596
302.761
308.603
309.592
313.541
316.756
318.028
322.561
326.363
325.387
327.247
328.380
326.402
326.324
328.194
331.363
329.390
326.150
326.702
327.986
328.492
327.826
326.429
327.715
329.897
331.219
331.140
327.809
327.724
328.958
327.468
328.166
328.088
329.315
323.406
329.251
324.660
324.575
324.540
326.358
325.011
324.932
324.120
326.131
324.063
326.654
327.155
326.539
321.949
323.814
325.717
321.801
322.302
324.211
326.030
327.263
323.567
324.798
323.451
323.422
323.344
325.200
324.133
324.689
324.023
323.944
326.490
327.220
326.244
324.853
325.191
328.221
328.867
327.474
327.395
328.992
328.765
329.411
328.651
328.622
329.856
327.162
330.238
330.157
331.434
330.675
332.351
332.266
331.600
329.672
327.701
332.182
332.154
327.949
331.897
333.124
332.368
328.092
330.497
332.400
333.634
333.555
328.958
330.822
332.640
331.293
331.796
333.755
330.686
331.385
331.670
330.280
332.871
332.109
332.755
331.412
328.076
329.170
329.135
329.641
330.287
332.781
329.453
330.541
329.894
330.987
327.702
328.348
327.372
327.290
328.381
330.965
327.683
327.598
326.932
330.096
328.756
328.723
330.009
326.678
327.178
323.892
325.795
327.075
324.324
323.658
322.632
328.063
324.057
325.336
325.255
325.759
326.847
326.181
326.102
329.271
325.990
325.905
326.363
323.294
326.516
328.380
327.714
325.014
328.228
324.166
328.649
326.626
328.533
324.523
325.803
324.412
329.847
327.099
326.291
329.613
329.172
329.136
328.744
328.079
331.614
328.870
328.204
328.490
328.411
328.383
326.985
328.265
328.818
330.090
331.955
332.601
327.062
328.930
328.264
328.236
328.745
324.151
329.272
329.918
327.851
327.818
331.767
325.769
324.742
326.392
329.978
329.893
326.564
326.850
326.768
326.690
327.921
329.055
327.127
328.358
327.459
323.596
326.180
324.214
324.132
325.271
324.605
326.420
323.180
325.726
326.061
326.033
325.641
321.775
323.008
327.906
325.159
324.348
321.693
326.222
325.995
324.703
326.612
328.794
328.036
324.120
324.091
327.313
324.034
324.534
325.230
323.887
327.640
323.724
326.896
327.395
324.645
323.979
323.898
325.716
327.038
325.939
324.598
324.884
326.164
323.509
327.274
325.346
325.852
328.436
329.521
326.186
325.520
329.055
327.658
325.687
327.540
327.787
327.024
323.739
325.061
328.965
322.280
324.144
324.059
324.562
324.531
323.865
325.137
327.904
323.988
323.953
323.872
323.793
322.402
324.264
324.235
322.845
326.342
325.001
327.183
327.519
326.176
327.406
329.901
327.297
328.580
327.414
327.920
330.509
330.064
327.776
327.743
325.580
326.279
327.199
329.783
326.454
330.211
332.756
333.888
331.872
327.281
331.812
328.533
330.080
326.748
328.608
329.881
333.375
330.090
328.970
328.304
333.955
333.289
334.162
335.392
335.585
330.357
330.914
332.144
330.747
331.446
331.949
335.118
332.372
332.290
329.599
329.521
329.440
329.404
330.638
330.467
330.386
331.658
328.326
329.025
328.993
327.602
328.888
325.603
327.200
327.536
327.140
333.349
328.029
329.308
328.642
328.026
328.312
327.499
328.783
328.747
328.666
328.000
327.772
327.744
325.777
323.799
325.079
330.920
324.965
324.884
324.071
321.144
323.638
324.880
322.900
322.864
322.102
318.767
319.102
324.166
319.576
319.861
319.833
318.442
322.775
320.081
320.003
325.851
324.874
322.128
322.095
322.599
321.983
322.489
325.073
320.432
320.960
321.512
320.805
321.400
320.460
319.445
317.422
317.432
319.082
319.004
322.550
320.430
320.986
319.593
321.604
324.822
321.395
321.894
317.978
317.897
320.481
319.483
321.487
325.433
323.505
325.412
323.246
323.945
325.903
321.117
321.452
321.374
320.563
321.846
324.389
322.271
320.881
325.155
323.619
323.535
318.892
323.428
321.405
324.624
320.033
324.367
321.763
319.835
319.750
319.722
321.395
320.779
320.697
321.969
322.668
325.883
326.168
322.840
324.437
324.214
322.869
325.268
324.602
325.106
323.712
324.411
326.995
327.547
327.519
326.542
326.510
328.378
329.074
325.068
324.987
324.321
327.856
326.466
325.985
325.758
325.092
325.790
323.049
322.971
322.890
322.854
322.429
327.543
326.251
324.497
326.406
326.197
324.269
328.218
328.136
323.493
328.029
324.744
324.666
326.575
327.854
328.354
325.023
325.544
324.364
322.436
320.458
322.322
324.956
321.621
324.065
326.076
322.655
321.989
320.591
321.290
319.900
320.403
321.102
321.021
322.247
323.168
321.820
320.794
318.103
324.847
327.701
321.676
321.647
321.566
323.790
322.358
322.327
325.541
322.795
322.129
321.102
324.285
327.450
323.444
324.579
321.247
321.893
323.800
323.184
323.106
321.708
324.157
324.853
322.201
320.822
325.883
327.786
330.370
328.980
327.550
331.885
327.969
322.741
325.115
328.334
328.669
328.588
329.872
327.219
331.680
329.562
326.816
330.569
326.653
326.575
327.074
325.146
326.432
323.468
328.788
324.914
319.698
319.617
322.786
321.347
324.423
321.869
320.526
319.860
320.416
323.638
323.559
323.481
320.730
324.316
323.835
325.742
322.996
322.330
321.520
322.393
325.887
327.030
324.323
326.188
325.522
325.444
328.979
324.921
325.619
324.915
321.846
323.656
323.575
324.809
324.053
323.972
326.514
323.807
323.721
326.943
326.137
323.971
328.451
328.419
325.866
323.206
326.960
331.493
330.827
328.861
327.518
328.021
331.097
328.493
331.127
331.042
334.750
328.795
330.613
329.998
329.826
332.410
330.391
322.986
325.171
326.405
321.814
322.684
322.068
318.740
322.538
318.475
322.424
318.508
319.428
318.762
317.419
321.134
322.415
318.398
320.579
320.403
321.102
323.012
324.828
322.445
321.047
322.327
322.830
325.414
325.336
322.005
322.511
322.430
322.351
323.221
322.555
322.164
323.443
323.364
323.283
326.505
324.482
321.829
319.865
320.735
322.693
324.190
320.136
325.839
326.393
325.777
328.992
325.076
324.049
325.335
326.569
328.478
325.143
328.314
328.236
328.792
330.390
324.851
328.600
327.169
327.721
326.912
327.611
326.218
326.721
329.305
327.867
323.951
325.045
327.482
325.459
324.843
327.925
324.596
327.191
326.429
325.813
326.317
325.651
329.449
326.114
325.448
325.366
328.829
329.378
327.000
329.963
329.200
331.784
327.144
327.607
325.679
330.160
333.969
329.602
330.301
326.973
326.160
327.444
329.259
329.216
327.977
326.637
326.558
326.480
327.710
325.640
328.093
328.592
328.507
331.091
329.072
330.394
329.003
331.402
327.486
328.770
327.429
327.398
326.592
325.160
324.495
323.689
327.544
327.364
325.400
329.156
324.513
328.462
328.383
328.121
327.505
326.889
325.492
322.748
322.082
325.301
326.755
322.890
323.586
322.773
321.383
322.662
323.162
323.130
322.464
323.698
322.351
321.545
327.922
322.744
321.718
322.227
323.510
325.322
323.394
323.362
328.067
329.152
327.174
324.570
324.489
323.098
324.915
323.524
323.862
324.371
326.189
326.161
326.132
325.106
329.764
324.586
323.196
325.651
323.723
328.984
328.949
324.356
325.636
328.133
329.990
327.078
324.376
329.494
325.579
324.913
328.448
327.422
327.209
321.797
323.654
324.934
325.580
321.567
320.951
324.125
320.690
321.242
321.213
322.497
323.728
325.630
321.033
322.319
322.825
321.432
325.962
326.465
321.237
323.047
319.131
320.358
320.551
318.573
321.022
319.629
321.493
322.139
322.693
320.765
320.099
320.384
323.556
320.227
321.899
321.233
320.617
317.920
317.835
317.754
320.338
320.888
324.694
320.417
318.453
319.737
317.084
322.148
327.438
327.357
328.003
326.075
324.698
326.569
325.903
326.409
327.055
324.396
321.698
322.981
325.566
322.819
322.203
327.999
326.465
325.068
329.548
326.847
327.347
326.681
321.453
327.301
328.167
326.827
327.326
327.248
325.854
327.723
326.910
327.952
325.244
325.943
325.911
331.704
324.437
326.861
327.413
329.959
327.838
328.124
328.630
324.714
325.584
323.656
324.942
324.857
329.196
332.364
331.698
328.417
324.501
323.154
326.956
326.882
328.204
325.600
324.257
325.491
327.394
324.058
325.911
324.532
324.497
330.292
328.756
328.090
327.335
328.033
327.955
327.250
325.130
325.415
325.919
327.007
326.341
325.675
326.229
326.875
329.366
325.500
323.522
323.494
321.332
320.719
322.901
323.404
323.323
323.242
322.626
319.928
323.093
322.477
324.075
320.069
322.653
323.884
327.469
326.707
322.791
323.661
323.580
323.501
322.158
326.691
323.998
322.602
325.924
324.168
324.083
324.004
325.088
324.422
323.756
320.421
324.905
322.154
325.236
323.267
323.277
321.895
321.279
321.194
324.408
327.623
327.959
324.680
327.852
324.523
329.007
324.413
325.473
325.808
321.165
324.389
328.772
326.221
327.448
321.940
323.028
321.736
318.443
322.777
318.862
317.468
319.278
320.551
319.162
320.760
318.107
319.757
320.630
319.821
323.770
319.764
320.994
321.329
319.932
320.855
325.391
322.647
323.881
323.703
324.349
323.733
322.392
321.048
321.554
321.528
323.984
323.318
322.652
323.736
323.070
322.404
322.319
322.844
321.818
319.851
321.719
319.645
322.041
321.375
323.959
325.050
321.134
323.041
328.162
330.746
330.717
327.753
333.548
329.493
330.363
329.747
328.357
326.386
326.305
326.808
324.880
327.650
329.608
328.046
327.961
326.568
325.136
326.420
324.345
325.044
324.965
328.134
324.856
323.465
324.017
324.303
326.901
326.870
330.309
328.964
331.559
328.320
330.775
330.109
327.359
327.277
329.236
326.170
327.981
329.065
331.700
329.722
329.964
328.624
327.233
329.689
330.335
328.988
327.591
329.461
329.426
325.368
324.752
330.237
328.263
326.920
327.566
326.223
329.973
328.534
325.241
325.798
323.246
329.620
327.863
324.528
324.814
328.616
328.000
325.035
324.957
324.878
325.164
327.020
325.681
325.065
324.252
326.116
328.700
325.422
326.655
325.893
329.064
328.986
329.271
327.874
326.488
330.384
326.963
328.233
326.630
323.666
323.951
325.184
323.844
327.015
328.246
326.899
325.327
329.127
329.773
328.430
325.826
328.099
324.814
328.029
325.064
328.820
328.204
328.169
323.529
328.589
327.192
325.221
325.142
326.740
327.147
325.751
327.615
325.011
324.785
324.119
323.503
324.775
326.061
324.632
325.227
330.450
325.082
325.367
325.339
325.258
326.905
329.355
331.937
326.566
330.320
326.988
326.876
328.694
327.351
325.977
327.263
329.081
327.153
327.659
328.939
328.949
327.517
326.174
328.358
326.968
328.786
325.508
324.702
329.962
328.622
325.293
328.508
329.739
321.936
321.320
324.542
327.564
321.575
322.495
324.402
321.073
322.164
318.686
319.332
318.716
318.050
315.889
315.223
316.093
317.372
316.029
315.948
319.564
316.960
316.879
318.732
312.600
312.515
312.436
316.777
314.031
314.000
312.072
313.351
312.685
312.019
313.253
312.276
313.196
309.861
309.780
309.699
308.936
310.220
312.073
312.003
312.699
313.244
308.603
311.201
315.956
317.278
317.200
317.171
317.721
320.889
319.546
320.832
320.754
320.675
323.119
324.931
323.540
322.108
322.612
323.934
318.718
323.779
321.851
320.469
318.541
321.713
318.021
325.759
319.801
324.649
326.552
323.851
325.130
325.725
330.255
329.639
326.304
328.163
326.199
324.183
323.206
323.760
327.706
328.208
324.927
325.524
326.715
327.842
324.563
328.363
323.720
325.534
323.606
325.417
327.274
325.310
324.500
325.786
325.708
324.952
325.651
326.735
326.654
326.573
325.907
321.991
323.852
325.174
327.770
323.130
326.345
326.260
321.662
326.733
323.398
323.683
327.219
324.468
327.449
324.157
328.106
328.752
324.161
324.132
327.351
327.637
326.932
324.812
324.776
324.698
323.355
327.891
325.147
325.066
324.400
324.319
324.825
323.432
324.130
323.325
322.711
325.531
324.915
319.737
319.711
322.474
321.808
322.894
322.228
322.196
325.368
329.124
331.520
317.436
318.082
315.381
314.034
319.680
317.752
315.774
313.804
316.388
313.059
312.981
311.954
313.042
318.303
314.295
313.629
313.550
312.742
314.025
313.947
314.446
310.530
314.066
310.734
315.211
315.037
314.371
314.928
312.950
313.453
315.317
317.275
314.568
313.224
313.198
314.485
317.656
314.962
314.927
311.596
312.868
315.317
313.339
311.318
311.240
309.849
316.282
318.192
319.428
323.765
326.399
323.071
325.840
327.020
327.669
329.847
325.834
327.156
325.192
325.114
323.721
328.257
325.513
324.847
328.012
325.895
326.541
325.200
327.018
326.263
327.493
325.566
327.381
326.765
325.425
329.181
325.852
324.462
324.429
329.329
329.251
325.922
325.844
325.815
325.786
326.293
324.315
325.594
325.516
324.125
328.661
327.271
323.988
325.852
325.040
326.319
325.653
322.012
324.550
326.460
323.719
323.637
322.834
328.680
321.417
324.586
322.658
320.688
321.778
321.112
320.447
321.680
324.174
324.093
324.058
323.392
321.229
320.563
320.484
323.656
320.912
325.439
322.199
320.599
320.884
321.384
320.718
321.778
319.850
324.708
321.276
321.975
320.584
325.026
326.523
325.868
323.750
324.894
325.982
325.316
328.481
327.088
327.591
326.359
325.344
327.928
324.964
326.107
326.611
327.114
322.430
321.674
322.953
322.142
322.788
327.322
321.954
321.925
321.840
324.022
325.929
325.313
321.985
321.906
321.825
323.422
322.667
320.739
323.287
323.259
323.765
324.269
324.915
324.299
325.440
324.824
324.208
320.053
322.637
319.306
320.585
320.500
322.508
320.390
320.312
321.184
323.629
325.226
325.726
324.330
324.836
326.433
324.417
324.246
323.580
322.141
322.683
325.320
329.224
327.324
329.335
327.407
327.913
327.248
323.916
323.885
324.171
327.342
324.011
326.417
323.671
324.950
324.869
322.891
324.762
329.827
324.649
324.571
323.174
328.242
328.157
324.098
327.008
331.905
328.071
326.093
331.158
330.542
327.796
330.430
330.256
326.925
328.936
327.595
328.149
324.817
326.670
328.268
325.353
325.859
325.778
324.966
324.887
326.166
326.675
327.225
325.832
325.803
330.336
327.005
326.339
326.261
324.868
325.790
326.489
326.461
326.425
325.028
326.845
327.130
327.683
328.208
328.035
327.954
333.076
329.212
331.080
328.384
330.241
326.962
327.658
328.531
328.453
333.300
327.398
328.684
328.605
328.430
327.764
330.933
328.962
328.881
330.889
328.044
327.431
329.884
325.236
326.520
327.166
329.069
327.052
325.705
325.527
329.476
332.069
326.331
321.542
318.211
317.234
320.411
317.755
318.454
321.673
324.264
319.261
318.455
319.741
319.712
316.384
316.303
317.444
316.778
314.850
317.812
315.737
321.579
319.651
318.254
313.618
312.952
312.873
313.379
311.986
313.854
316.438
315.773
316.058
316.558
316.476
316.395
313.651
313.949
317.120
314.376
319.585
312.902
315.494
314.146
317.311
318.181
318.827
312.925
317.458
321.935
322.485
321.144
324.313
324.865
324.780
325.065
320.422
323.639
325.196
323.806
323.721
323.635
324.142
323.476
325.294
326.616
326.537
325.106
323.178
324.411
322.343
326.093
326.649
327.878
325.274
323.346
326.511
323.226
325.086
328.214
324.209
327.377
327.299
325.908
324.112
327.329
325.752
326.448
327.533
333.325
325.471
326.750
327.981
328.677
326.557
325.166
326.452
326.958
328.235
326.307
327.762
325.784
326.483
326.404
323.654
323.038
326.207
324.190
322.847
324.658
324.042
322.695
324.605
321.907
323.918
317.097
318.962
321.500
319.377
321.961
321.933
323.580
321.506
319.535
323.335
323.303
318.709
319.942
319.130
319.629
320.913
320.247
319.581
319.496
319.414
322.950
322.871
319.985
320.631
316.715
321.196
318.835
317.492
317.410
317.332
322.229
320.118
320.086
320.044
318.077
317.411
321.165
319.187
319.648
317.720
317.635
320.856
317.574
317.495
317.416
317.923
319.153
318.177
322.660
324.567
324.489
321.203
324.368
322.399
321.590
322.821
321.478
324.693
324.658
324.579
319.936
326.148
326.698
325.350
323.953
328.441
325.149
321.820
323.054
320.401
324.304
325.798
324.405
323.019
322.986
321.058
322.195
325.518
323.177
324.047
326.640
327.769
328.319
324.984
324.318
326.186
324.258
326.702
327.213
325.285
324.619
325.853
324.512
323.119
326.081
324.740
327.137
325.794
324.982
326.262
326.958
326.342
324.995
326.278
321.688
322.191
326.273
326.195
326.114
325.354
326.640
327.873
326.526
326.498
330.254
323.088
324.011
325.875
328.947
325.616
324.919
331.881
327.861
325.842
329.059
325.728
327.012
328.288
327.480
326.718
324.740
328.457
325.748
327.034
323.756
329.458
327.494
327.779
327.698
326.358
326.696
325.310
327.894
329.570
330.073
327.327
323.998
324.504
320.588
320.510
320.429
323.600
318.960
321.551
323.419
320.714
321.270
321.189
319.211
320.933
320.267
324.750
320.884
320.806
320.727
323.942
323.500
316.387
316.725
324.054
318.876
319.378
318.939
321.537
320.750
322.568
324.475
320.609
320.528
321.398
320.001
321.819
326.887
320.982
322.261
321.595
321.517
322.073
321.265
320.599
321.297
324.469
324.388
325.479
320.067
320.573
319.176
320.997
322.594
320.306
321.592
322.098
322.065
321.449
321.735
323.546
322.736
324.646
326.464
322.411
326.314
327.185
325.649
323.671
325.542
326.238
321.645
323.547
322.118
322.666
322.000
321.969
321.888
321.807
321.726
320.335
322.203
322.489
322.456
320.440
319.463
323.213
321.235
321.741
319.361
322.489
324.391
324.356
325.229
325.564
326.655
326.039
329.204
329.708
329.092
328.426
328.397
328.903
330.130
326.264
323.609
327.943
329.227
327.830
330.811
326.895
326.229
324.835
324.803
325.502
325.423
320.780
327.791
322.613
327.871
323.231
326.403
323.067
326.239
325.433
323.994
324.494
325.725
323.797
323.131
321.740
323.605
322.939
323.491
322.680
327.159
327.078
323.743
324.881
324.265
324.961
322.308
321.657
320.309
321.540
323.814
323.778
325.062
326.971
322.328
321.676
320.864
324.033
324.001
323.875
325.732
324.969
329.446
325.219
328.391
325.690
325.612
328.015
326.046
322.753
321.408
325.944
329.698
324.470
323.619
322.953
326.122
324.690
323.343
325.927
324.586
324.560
324.528
326.342
323.014
323.520
324.842
326.128
324.737
326.023
326.523
326.444
322.439
325.656
324.266
324.764
324.736
324.657
324.579
324.358
327.534
324.241
325.471
327.871
327.840
327.224
328.147
326.799
327.352
327.320
325.927
327.745
324.463
322.535
325.711
324.368
323.702
328.235
332.042
323.614
323.582
324.136
325.408
329.682
329.240
325.035
325.681
328.227
328.632
328.558
326.630
327.326
325.985
326.858
326.830
328.735
328.447
328.419
327.656
327.575
327.494
327.992
328.328
328.292
328.211
327.367
328.689
329.922
326.226
331.709
331.719
328.436
326.269
332.553
329.271
328.605
327.940
330.574
330.488
330.410
325.817
328.263
327.454
330.578
329.235
331.777
327.173
329.044
328.958
328.293
328.578
332.334
328.418
329.509
326.765
329.349
326.599
325.208
330.329
330.975
330.163
326.884
327.170
328.040
328.592
323.815
322.418
323.651
322.839
324.850
321.154
321.626
321.547
326.395
322.389
321.723
322.957
322.194
323.982
323.901
327.069
330.197
328.216
323.990
323.905
325.135
324.377
328.323
324.310
325.006
327.865
327.779
329.056
321.940
322.535
326.439
322.383
321.620
324.789
323.351
323.173
324.445
327.768
324.436
322.319
326.845
322.252
322.174
322.088
322.010
320.613
325.513
324.122
331.090
325.132
326.359
324.968
326.832
326.751
322.835
322.757
322.678
322.600
326.185
322.850
323.938
325.026
325.672
326.994
326.328
326.250
326.806
323.117
324.396
324.315
325.399
326.270
325.604
325.571
325.486
324.646
327.102
326.486
326.455
326.373
326.877
329.470
327.489
326.733
329.317
325.262
322.710
321.904
327.165
323.884
323.128
326.882
323.546
325.406
324.754
323.413
324.640
323.300
326.521
323.557
323.115
328.543
330.725
325.937
325.271
324.658
327.113
332.321
325.418
330.532
333.116
328.890
328.864
326.897
326.865
326.786
328.596
328.394
325.059
327.643
323.050
326.806
324.842
325.928
327.158
329.432
329.351
329.272
329.193
329.161
330.249
326.333
330.229
325.639
324.833
325.336
326.616
326.535
325.869
325.790
329.376
326.040
326.009
324.616
327.837
326.768
325.375
325.713
328.744
324.878
324.212
326.755
329.563
326.282
325.526
328.014
325.997
325.916
329.087
327.703
326.947
326.281
328.095
327.283
327.204
327.711
327.629
326.963
327.380
328.078
324.747
325.393
325.729
324.973
325.308
326.906
326.143
324.803
325.362
326.592
330.178
330.730
326.814
326.736
326.650
331.719
333.041
329.712
326.384
325.571
333.092
327.725
327.646
329.244
327.903
327.822
328.107
328.029
329.936
328.504
329.003
329.649
328.261
325.556
329.141
322.286
320.308
321.178
323.413
325.319
323.887
325.114
323.186
324.416
323.076
323.047
322.969
327.676
325.072
324.317
323.651
319.058
320.878
320.800
323.923
321.218
323.450
322.103
323.383
322.035
321.369
321.291
324.876
323.274
323.245
323.214
322.458
324.952
322.401
322.323
324.137
324.498
323.832
322.457
321.442
320.776
321.280
323.137
323.691
324.971
321.642
322.148
322.063
323.920
319.680
320.964
324.135
320.807
323.972
320.643
321.727
321.061
322.292
321.534
319.556
318.942
320.757
321.895
321.229
320.563
319.536
321.721
322.007
322.513
325.102
323.569
322.542
323.826
323.747
324.667
320.077
321.363
323.010
322.198
322.116
323.207
323.853
321.926
321.847
328.078
325.370
321.454
323.869
323.203
322.537
319.835
321.695
320.313
320.817
325.293
323.365
320.034
323.206
326.741
326.709
326.627
327.858
327.687
327.071
329.655
325.649
327.247
330.416
328.036
329.649
332.868
328.642
328.563
328.535
323.894
326.075
330.558
327.137
326.471
326.807
326.778
326.746
328.557
329.834
327.571
324.288
326.299
323.059
327.595
325.187
328.722
332.479
333.028
329.112
324.465
329.950
330.506
326.640
326.559
326.530
326.449
329.620
326.292
326.790
327.660
327.044
327.013
328.097
328.793
329.150
331.734
331.652
327.009
327.707
327.629
327.548
327.462
324.719
324.103
324.024
325.693
326.924
324.996
323.600
322.987
322.956
328.074
324.739
325.245
324.579
327.800
324.522
324.807
324.726
323.333
324.619
326.216
325.454
322.175
320.778
323.234
326.402
325.737
325.071
322.377
322.880
325.464
321.548
320.204
324.478
322.945
322.279
322.194
321.388
322.667
322.582
321.916
324.938
321.472
320.806
317.842
320.387
318.269
319.496
318.520
318.441
318.726
317.914
319.778
322.362
325.534
320.893
322.179
319.479
316.200
320.684
319.340
320.179
320.686
321.332
315.429
318.653
323.455
321.702
321.616
318.288
321.823
318.495
321.716
325.522
322.244
319.353
323.302
327.056
323.190
322.574
319.685
319.019
321.656
322.354
319.390
323.873
323.845
323.089
322.423
322.926
325.510
326.010
324.032
325.318
321.990
323.849
324.772
322.801
322.723
325.894
326.983
329.239
325.323
325.386
323.458
327.264
323.933
324.436
322.458
324.275
325.148
326.379
329.600
326.176
324.198
323.585
323.557
327.467
323.408
323.962
322.621
322.536
322.455
323.011
321.033
326.101
327.556
325.578
325.493
322.210
326.744
327.617
326.910
325.153
325.072
326.355
323.700
328.236
324.905
327.344
329.939
329.908
327.939
325.818
325.152
326.968
328.290
324.959
326.192
324.849
329.333
333.139
331.796
321.780
321.749
322.669
319.962
319.348
317.962
317.297
317.218
318.134
319.994
322.228
319.625
318.866
320.097
318.169
318.134
321.719
318.805
318.726
321.891
318.562
319.068
321.703
322.936
318.930
319.484
317.506
318.012
316.997
317.282
318.513
320.603
318.675
319.174
322.343
320.415
321.114
320.498
318.121
321.292
318.596
324.384
319.011
318.395
318.367
318.338
316.991
321.891
321.813
325.986
327.797
327.713
325.058
326.341
324.951
326.765
327.050
327.022
326.993
326.908
326.152
324.771
326.623
329.165
325.925
327.208
327.134
324.429
328.015
324.734
325.290
327.874
324.539
325.765
325.737
326.698
326.410
326.239
326.885
326.269
326.047
329.262
330.493
329.737
332.958
330.939
326.348
326.317
326.239
326.742
326.076
325.369
326.865
323.587
322.831
327.809
326.570
327.123
324.416
328.312
324.396
324.681
326.279
324.789
325.435
326.716
327.051
326.075
326.581
325.188
327.779
329.688
329.653
327.637
327.216
328.443
327.096
323.767
324.998
327.436
326.409
327.689
329.414
327.436
326.197
325.388
328.557
327.891
323.244
328.144
323.504
324.790
325.660
327.476
325.516
326.023
328.607
331.588
328.984
324.966
326.253
324.862
325.414
329.941
330.811
332.042
330.699
326.052
327.338
327.837
331.598
329.617
325.752
326.308
324.185
324.883
324.072
326.467
326.386
329.020
325.011
327.019
324.364
325.063
324.303
324.275
325.558
325.844
325.765
325.732
327.401
328.673
325.342
327.300
327.123
326.457
326.378
326.300
323.549
321.571
328.415
332.896
324.468
325.021
327.605
326.989
328.842
323.626
324.129
323.463
322.797
324.657
322.864
322.782
323.655
325.305
325.590
325.512
326.603
329.187
325.271
325.192
326.333
324.355
326.223
330.119
328.191
328.477
328.398
328.320
325.623
325.542
325.461
324.795
322.048
321.963
321.879
321.848
326.916
324.988
327.435
328.131
322.763
325.934
323.190
322.575
325.383
327.928
323.920
323.254
325.113
327.705
326.361
326.283
326.254
326.763
324.013
327.909
327.146
327.068
324.902
324.236
323.620
324.490
320.574
322.386
321.043
320.230
324.179
324.146
321.981
321.899
325.118
324.452
327.624
326.239
319.749
320.249
322.059
321.393
324.610
325.894
324.553
321.662
324.246
325.477
324.677
324.061
327.280
324.624
327.793
322.524
323.807
322.467
324.326
322.947
322.136
323.416
326.000
322.671
321.278
322.928
322.899
322.821
322.742
325.914
325.883
323.909
322.566
327.242
324.496
323.830
324.918
322.940
324.167
322.239
323.525
323.447
323.416
326.587
326.508
328.234
324.318
323.652
323.571
324.077
325.304
323.961
326.407
323.114
323.813
323.005
326.953
322.310
324.178
329.386
327.993
325.928
323.962
321.852
321.186
320.521
316.281
319.502
317.125
319.035
317.595
317.880
319.748
317.821
316.430
317.716
319.537
317.462
321.411
317.990
319.221
318.555
323.402
322.062
326.355
326.312
322.396
317.806
319.456
319.375
319.881
320.380
323.504
320.796
324.011
320.732
321.816
323.043
324.365
319.725
323.523
325.387
324.771
325.057
325.613
325.532
322.200
326.539
323.935
322.592
324.402
323.058
326.815
319.318
321.952
320.612
322.480
321.814
321.733
320.342
321.432
324.755
322.634
322.970
319.691
324.175
323.365
323.330
323.690
324.389
320.473
319.080
323.029
326.785
322.869
320.710
318.732
319.431
319.352
324.837
324.666
324.631
325.327
321.321
320.655
320.574
319.183
320.997
320.966
321.836
321.395
324.212
320.930
320.264
318.336
321.519
324.153
318.251
320.849
321.398
320.058
322.499
321.886
325.110
326.527
325.768
328.352
324.769
323.956
327.905
325.159
325.096
325.068
327.613
327.433
328.094
329.223
329.508
333.005
328.586
327.920
330.144
328.180
333.301
329.436
329.357
329.133
332.456
331.647
330.300
331.438
330.773
328.795
330.805
331.216
329.238
329.206
326.602
325.846
330.376
328.398
330.853
326.987
326.902
326.817
326.201
327.071
326.986
327.632
324.979
327.378
327.878
330.462
329.796
329.765
326.433
327.667
326.326
326.241
324.851
323.251
323.800
323.719
322.323
323.603
321.625
323.443
323.001
320.984
324.743
325.614
323.010
322.254
324.888
323.285
323.257
325.166
324.683
323.340
325.924
327.157
325.817
322.488
321.145
326.627
325.838
323.867
324.373
326.957
323.629
327.970
327.888
326.828
325.446
330.704
326.684
325.249
324.440
327.077
327.051
329.232
325.947
324.556
326.420
327.558
332.089
326.861
326.195
330.586
329.920
329.254
324.614
332.673
327.302
329.120
327.050
325.614
330.822
326.805
325.419
328.584
325.980
324.639
326.690
329.274
333.023
328.481
326.728
327.013
328.682
328.016
327.400
326.734
325.344
327.212
327.127
327.412
326.022
331.456
331.421
327.363
328.061
332.538
325.280
329.082
325.747
328.966
325.050
326.184
329.353
325.437
331.229
329.109
329.028
328.412
327.019
323.736
328.070
327.457
325.080
326.730
327.289
327.845
328.351
330.935
331.441
326.172
328.075
329.216
328.550
327.209
329.074
323.846
331.855
330.459
326.543
325.930
329.102
332.874
329.634
326.359
328.223
326.878
328.162
326.771
328.051
328.550
324.684
328.490
328.826
326.667
329.251
331.647
329.719
331.583
331.355
329.194
326.443
323.165
326.336
325.524
323.553
328.401
327.060
323.729
323.700
323.665
324.217
326.760
323.328
323.295
325.886
323.958
323.150
320.599
324.134
321.170
324.755
325.625
322.297
322.216
326.022
324.624
321.349
322.635
322.554
321.213
322.499
323.783
322.299
324.310
322.963
319.047
323.163
323.085
321.694
319.724
319.642
319.561
323.320
323.239
323.210
324.444
324.779
323.803
322.409
327.474
324.192
324.696
327.330
327.615
322.975
324.254
324.176
324.095
324.066
324.568
324.483
325.716
329.159
325.243
323.846
324.934
324.321
324.240
327.420
316.912
318.145
317.389
317.800
321.749
317.833
318.339
317.673
316.276
317.952
313.905
318.289
315.685
315.695
314.316
313.700
313.621
313.907
314.192
314.107
312.710
314.381
315.661
316.214
316.860
314.933
314.851
315.358
314.692
315.245
314.579
315.813
314.469
314.969
314.303
313.494
317.840
315.132
316.416
314.488
316.498
317.821
316.240
315.624
318.208
313.030
313.001
318.433
320.245
317.005
321.443
321.222
323.075
324.943
321.662
321.631
319.703
318.940
318.859
322.808
323.093
324.953
323.353
323.274
328.122
322.583
324.401
324.320
326.136
324.208
324.129
328.249
324.333
327.502
324.802
324.723
324.644
326.456
324.528
324.450
324.371
325.654
325.626
324.283
324.204
324.490
328.771
327.333
326.574
329.167
332.249
332.164
328.248
330.644
327.351
327.266
329.277
324.680
324.644
325.148
325.647
324.252
325.531
327.539
328.669
324.021
328.460
326.706
327.937
326.960
327.245
325.855
327.141
328.738
327.926
327.847
328.732
328.505
329.784
329.118
329.037
327.598
330.233
330.646
329.980
330.626
329.279
328.613
328.585
329.091
329.010
328.394
325.065
324.984
325.493
330.026
326.014
326.517
323.236
326.405
325.739
325.073
328.875
324.959
325.465
323.537
325.402
321.486
324.704
325.988
325.225
323.832
321.084
326.203
321.025
324.058
323.977
322.049
321.964
323.250
323.215
323.714
323.629
325.441
325.357
317.956
319.235
322.407
321.560
318.267
322.216
320.756
323.977
321.013
320.934
319.867
316.627
320.215
322.813
316.904
316.878
320.788
320.419
321.691
323.505
326.089
326.735
326.567
321.339
323.203
323.118
317.940
323.058
325.454
324.838
319.660
323.317
319.986
320.635
323.804
321.642
324.226
320.310
321.582
326.118
323.953
320.037
322.671
322.592
321.780
324.322
322.982
319.653
323.988
323.372
322.706
323.209
325.793
325.715
325.498
324.832
323.485
324.719
323.956
323.871
325.104
323.761
320.480
323.645
327.938
325.817
321.177
327.025
326.854
330.800
324.310
322.346
324.569
326.392
325.622
325.590
324.161
328.281
326.303
323.027
330.765
329.957
331.279
327.950
327.869
326.476
327.024
330.062
326.146
327.999
328.502
331.094
325.916
328.550
325.802
326.087
326.958
330.854
329.513
328.486
329.770
330.318
326.452
325.696
332.493
327.903
327.824
326.434
326.940
327.863
331.766
330.010
329.924
329.846
326.511
327.010
328.241
325.001
330.704
326.788
329.327
327.206
328.874
326.896
328.907
327.566
327.852
329.132
327.062
328.659
325.331
329.451
324.804
328.752
329.311
330.588
326.580
327.852
329.135
327.792
329.336
324.108
322.088
321.061
322.926
325.510
323.540
322.200
322.706
322.040
325.790
321.874
322.373
321.707
324.617
322.499
320.081
320.003
318.612
323.512
322.076
323.986
322.589
324.239
321.495
320.098
324.627
326.585
321.217
321.717
326.051
316.127
318.726
317.970
315.992
315.333
313.993
313.914
317.086
314.171
314.086
317.257
312.667
318.508
313.918
313.839
315.655
319.098
321.682
321.650
318.315
317.649
320.821
317.492
318.044
318.740
322.540
321.924
321.532
322.036
322.682
317.504
316.113
324.023
318.118
321.972
321.749
319.626
321.636
318.344
320.155
320.077
319.271
322.270
317.266
317.188
317.102
317.608
320.823
320.745
320.710
321.794
321.034
321.733
321.697
321.032
320.226
320.144
324.048
322.879
323.431
322.765
322.099
321.341
322.571
324.433
325.755
323.738
323.710
323.539
325.497
323.961
323.876
321.898
323.181
323.100
322.434
322.406
326.887
322.874
320.896
320.868
325.404
321.390
319.958
323.712
328.777
322.287
322.791
320.189
319.523
319.442
322.978
323.530
323.449
323.958
325.048
324.382
324.886
325.582
323.654
325.520
325.927
321.100
320.288
325.363
322.657
318.431
321.655
328.259
323.031
322.370
321.030
325.150
321.234
319.891
321.177
321.683
327.336
321.651
319.100
322.269
323.499
319.634
316.974
318.845
321.479
319.898
318.505
322.401
319.070
324.863
323.467
324.058
320.775
327.201
323.335
318.745
318.666
318.588
318.509
318.474
317.447
320.671
319.656
322.290
319.913
322.823
318.401
321.035
325.516
323.227
323.688
320.448
320.422
322.288
322.203
325.225
327.093
323.177
324.408
323.065
322.399
322.317
321.026
319.269
325.428
326.925
323.589
327.710
327.044
328.277
325.618
326.701
324.682
327.853
329.671
331.574
329.596
326.318
327.601
324.266
327.435
326.631
327.918
327.832
324.868
324.065
326.466
325.800
327.660
325.696
326.566
326.535
329.169
325.113
328.436
326.872
325.481
329.969
323.289
327.819
324.490
325.771
329.214
328.548
328.467
331.101
332.919
329.679
330.184
328.584
327.187
323.911
323.882
325.697
324.306
325.592
325.560
324.583
326.451
326.420
325.754
326.254
325.638
325.609
321.952
319.974
320.478
320.985
322.850
321.457
324.055
322.715
319.750
319.717
321.941
321.675
321.009
320.923
324.819
325.369
318.879
321.085
321.594
323.192
326.413
322.407
321.741
322.241
322.744
325.287
326.056
323.505
323.476
323.391
323.676
320.345
320.264
322.704
325.116
320.511
324.460
321.131
321.053
321.556
320.163
323.486
323.303
329.332
326.624
324.696
323.276
326.448
330.568
325.340
327.931
329.208
328.402
327.647
327.611
329.427
327.499
327.856
329.085
332.981
328.388
327.722
327.644
327.565
327.487
327.408
323.182
323.149
325.598
326.101
328.685
326.082
324.154
322.813
324.463
324.432
323.089
328.937
324.924
325.428
324.617
325.315
325.284
328.453
325.849
323.194
326.178
327.406
325.478
323.500
327.047
326.431
329.649
328.309
325.558
323.504
322.527
325.746
323.052
322.386
324.932
321.499
323.150
323.068
326.290
322.013
328.304
327.495
323.579
322.966
324.977
323.633
322.821
323.106
326.824
328.689
324.085
328.621
328.542
328.457
325.129
325.047
325.383
325.354
325.904
324.513
325.799
326.722
328.582
334.017
330.685
333.281
332.836
328.243
332.413
333.109
335.016
327.710
325.159
330.221
325.630
327.278
329.187
329.693
328.839
327.496
325.568
326.267
329.436
325.520
325.805
325.724
325.643
325.614
326.120
327.351
330.570
327.862
327.249
326.454
325.789
325.347
327.747
325.952
329.121
332.289
326.436
323.196
330.349
325.345
324.588
325.874
326.210
329.378
326.999
329.541
326.694
327.392
328.038
326.698
326.617
325.861
324.475
325.171
329.117
323.747
323.665
328.734
323.556
325.203
324.441
325.721
323.794
327.964
330.502
328.382
329.665
328.912
328.691
325.413
326.111
325.445
326.729
325.388
327.826
329.694
329.613
327.635
328.288
327.521
326.088
329.257
325.978
330.686
330.020
333.143
327.552
328.058
325.454
324.553
325.252
326.479
325.574
324.961
328.857
326.113
329.862
331.820
324.917
326.203
327.437
326.674
330.620
327.195
327.695
326.298
328.256
327.860
327.639
328.335
328.620
328.542
325.213
329.379
326.415
328.236
328.429
328.347
331.519
331.438
331.356
328.660
327.317
329.953
331.824
328.981
328.323
322.420
324.232
320.577
319.911
319.832
323.004
318.941
320.221
320.139
320.786
323.059
322.980
319.645
322.817
321.245
317.379
320.013
323.182
317.909
317.684
317.598
320.579
321.901
317.985
320.620
319.229
321.100
316.503
317.732
317.701
314.366
314.337
314.109
318.017
317.572
316.232
316.151
316.031
315.222
311.982
313.268
313.775
316.212
318.026
313.784
315.056
318.549
318.520
317.173
317.092
320.263
320.741
321.241
324.263
320.400
324.929
324.263
320.932
323.891
325.021
321.690
321.604
324.776
326.644
320.686
324.635
321.306
322.590
323.510
326.144
327.791
323.372
323.872
324.568
324.537
321.297
322.583
322.554
322.526
324.344
322.416
320.310
320.813
318.833
319.531
320.035
318.639
320.893
314.896
314.864
316.147
318.587
322.343
321.542
319.564
320.263
320.185
318.791
320.075
320.040
320.962
321.248
322.336
322.836
322.167
323.400
323.957
318.047
318.746
321.918
321.798
318.365
321.537
322.823
322.064
325.387
323.269
324.500
319.910
318.519
324.945
324.914
320.902
318.924
320.574
323.533
324.482
322.554
321.885
323.118
325.028
324.949
322.206
326.682
327.966
326.797
326.764
331.662
330.321
332.139
328.127
329.991
328.063
331.234
326.591
328.431
328.402
332.158
328.243
328.164
327.873
327.694
331.816
327.181
325.790
330.326
330.832
325.654
326.938
325.547
327.949
327.333
328.203
328.118
327.058
328.926
328.260
329.351
329.270
327.292
328.571
327.905
328.405
328.326
331.498
331.416
323.526
326.121
324.778
324.699
327.868
323.592
326.187
326.159
324.818
324.740
326.387
321.794
326.277
326.242
321.645
324.092
326.497
322.581
321.769
322.270
328.061
324.637
323.971
323.305
321.915
321.889
324.484
323.144
323.429
324.663
324.998
324.242
325.473
324.126
324.682
323.338
327.780
322.409
324.225
326.809
323.528
326.015
329.769
325.853
325.772
323.606
322.940
322.324
322.880
322.264
322.186
320.792
322.611
326.367
326.288
324.269
322.926
324.159
323.397
317.895
319.716
325.876
321.423
322.653
324.563
324.484
326.160
323.430
325.286
324.620
322.654
322.570
322.489
321.092
321.790
322.663
322.585
321.772
324.175
326.183
324.060
323.394
322.588
320.572
324.107
327.278
321.913
324.497
324.996
327.630
323.764
323.729
323.697
324.250
320.334
323.503
320.224
320.510
321.647
320.981
320.315
320.236
320.158
321.031
323.576
322.770
323.953
325.767
325.544
327.412
326.015
327.299
327.218
327.136
325.746
329.499
329.473
332.600
331.259
331.734
327.674
328.183
329.469
327.453
326.697
330.593
324.690
329.226
325.898
329.654
326.874
326.208
324.817
328.314
332.064
329.370
330.692
326.633
327.332
327.254
328.344
328.990
327.063
326.254
328.066
327.980
331.145
326.498
326.465
327.164
325.774
327.634
322.991
324.270
324.774
322.793
323.492
323.827
323.749
326.879
324.174
324.145
324.648
322.671
322.825
322.159
324.793
321.462
320.069
321.352
320.009
319.396
321.261
324.290
321.686
320.295
321.946
323.176
325.079
321.067
325.015
321.737
323.555
324.836
322.128
322.049
322.014
324.246
322.172
324.183
326.089
323.930
321.952
324.589
323.157
324.301
324.804
327.296
324.692
324.657
324.576
324.494
324.466
323.489
331.039
325.861
325.195
326.428
327.565
326.589
326.150
328.603
326.625
328.440
329.712
330.992
327.663
328.217
327.551
329.419
327.491
326.094
326.061
326.620
324.069
324.572
323.906
328.968
327.040
328.273
323.676
325.716
327.573
326.333
323.625
326.843
326.138
323.479
328.009
324.673
324.057
327.226
323.898
324.183
324.689
327.228
327.773
329.056
325.050
324.969
325.380
325.295
328.618
322.075
325.247
323.903
323.826
321.898
321.819
321.738
320.345
326.186
326.158
322.145
321.479
321.401
323.946
320.516
321.802
321.724
323.007
321.667
321.588
321.507
320.110
321.970
321.891
323.560
323.479
322.086
321.420
325.899
325.284
326.510
325.698
324.305
322.334
323.982
325.262
323.727
321.749
323.032
323.532
323.500
321.522
323.393
322.777
321.434
320.048
320.598
323.767
327.516
327.435
321.434
320.768
324.665
324.636
320.043
320.014
319.936
324.277
319.099
323.628
326.221
323.513
324.019
320.688
321.919
319.991
322.534
323.040
322.091
321.476
325.422
324.078
320.607
324.556
327.190
327.696
326.352
323.661
326.206
325.396
326.487
322.621
323.127
323.631
324.277
322.349
324.208
322.245
325.416
326.699
325.937
322.071
325.292
321.961
326.352
324.959
325.655
322.326
320.933
320.907
327.922
327.891
323.879
323.797
322.457
323.740
322.928
329.361
323.403
326.568
325.714
325.048
326.370
330.127
324.949
324.283
324.254
324.758
326.615
325.230
325.516
327.558
331.454
327.812
328.458
327.111
327.033
323.754
323.675
322.282
326.818
324.068
326.702
326.623
