23.913
65.224
78.900
81.484
94.572
102.845
112.578
143.898
142.543
154.904
165.949
171.159
215.096
238.500
256.842
268.618
276.455
302.053
321.671
347.743
347.700
361.369
369.057
381.418
384.002
395.048
412.658
414.513
434.751
439.231
454.944
470.661
483.746
494.064
504.525
514.841
526.471
531.682
550.604
557.126
574.594
577.762
601.206
611.670
611.627
627.923
632.403
644.760
697.854
714.152
720.673
736.968
743.491
757.891
766.894
789.174
794.239
815.893
845.321
853.743
852.388
861.390
882.211
897.303
914.040
913.998
928.978
933.458
939.789
948.156
949.386
953.201
958.955
964.813
971.001
972.336
984.650
992.407
998.888
1002.121
1025.844
1031.743
1031.766
1032.850
1047.899
1050.545
1055.889
1070.279
1080.663
1076.747
1081.189
1120.694
1114.151
1112.780
1107.615
1116.099
1123.335
1109.073
1107.849
1103.228
1103.316
1092.127
1109.698
1102.494
1103.094
1108.438
1106.442
1103.592
1105.507
1116.102
1113.498
1120.419
1115.218
1115.720
1117.703
1125.453
1130.103
1132.025
1139.239
1140.599
1138.820
1141.453
1135.733
1133.194
1130.656
1143.078
1141.854
1147.022
1144.486
1141.216
1147.271
1141.379
1149.367
1142.158
1138.269
1133.713
1133.736
1131.197
1140.608
1140.548
1139.281
1128.865
1139.477
1149.466
1145.470
1157.938
1165.906
1158.117
1154.223
1162.191
1181.331
1185.188
1175.464
1177.425
1181.969
1178.119
1169.557
1167.599
1166.122
1169.352
1165.447
1176.235
1173.527
1170.428
1174.311
1176.271
1172.620
1175.266
1171.996
1177.125
1171.811
1178.318
1160.182
1165.521
1166.777
1158.362
1160.761
1154.329
1149.021
1135.863
1143.128
1142.484
1131.339
1137.117
1118.159
1103.036
1116.029
1128.347
1114.749
1112.068
1110.844
1102.320
1098.327
1114.688
1116.091
1116.179
1119.413
1118.124
1115.585
1124.111
1154.016
1131.808
1141.649
1162.745
1149.702
1156.790
1150.313
1145.107
1133.964
1147.186
1143.893
1155.734
1149.108
1153.710
1143.879
1152.983
1151.612
1162.139
1152.304
1163.415
1145.146
1150.314
1156.175
1144.885
1158.727
1148.169
1161.322
1152.218
1171.827
1173.229
1160.187
1158.229
1167.974
1161.496
1157.649
1160.879
1174.679
1170.897
1169.050
1169.577
1154.599
1166.916
1159.391
1167.144
1154.793
1141.519
1140.230
1133.753
1125.193
1116.700
1120.664
1116.813
1136.748
1129.543
1150.087
1140.255
1135.782
1126.977
1144.067
1144.715
1140.135
1138.180
1144.836
1138.386
1149.354
1151.170
1139.439
1145.296
1135.523
1147.837
1149.994
1161.102
1166.508
1151.596
1156.722
1154.184
1157.655
1165.709
1157.770
1160.485
1162.644
1171.859
1156.797
1174.518
1158.810
1162.837
1143.840
1149.941
1153.902
1145.098
1155.570
1136.574
1145.745
1139.956
1138.001
1130.796
1121.650
1124.868
1121.598
1129.936
1125.356
1128.068
1133.412
1130.315
1134.954
1127.749
1130.249
1142.717
1134.051
1145.224
1136.558
1128.962
1135.613
1142.266
1130.393
1127.854
1139.764
1129.348
1127.387
1131.417
1131.505
1129.481
1129.102
1125.184
1132.415
1133.021
1130.336
1131.008
1130.948
1140.165
1135.587
1135.811
1137.772
1137.648
1143.087
1146.624
1167.720
1163.869
1161.356
1158.089
1160.894
1158.144
1167.280
1150.975
1146.978
1158.151
1152.923
1158.673
1164.527
1159.947
1156.853
1152.206
1158.950
1147.908
1147.999
1146.041
1138.209
1152.597
1153.243
1150.669
1142.387
1146.054
1145.993
1149.379
1148.155
1159.847
1153.370
1157.423
1153.039
1176.830
1164.573
1177.062
1157.718
1168.403
1163.995
1176.460
1170.032
1175.227
1175.145
1167.937
1176.423
1178.964
1165.364
1170.640
1179.625
1178.402
1178.424
1182.306
1176.585
1162.145
1170.071
1172.032
1168.998
1174.366
1181.489
1180.116
1168.928
1163.031
1158.449
1159.209
1163.819
1152.634
1144.845
1147.345
1139.086
1132.079
1157.674
1137.600
1142.790
1134.508
1129.742
1133.083
1132.542
1127.380
1127.470
1118.947
1126.184
1140.783
1123.178
1122.388
1131.736
1134.386
1139.607
1132.988
1130.244
1144.041
1137.486
1138.889
1154.669
1146.880
1144.736
1160.675
1162.593
1163.995
1173.687
1202.897
1191.609
1183.819
1183.869
1176.664
1160.437
1175.815
1190.437
1184.025
1191.925
1187.343
1183.930
1185.848
1180.709
1168.835
1180.674
1182.074
1180.850
1172.435
1188.838
1181.738
1182.850
1172.461
1169.194
1165.924
1178.409
1185.130
1178.502
1168.048
1173.454
1162.415
1170.964
1159.236
1153.339
1163.200
1159.934
1156.772
1165.298
1160.714
1151.734
1138.691
1122.555
1122.017
1129.768
1140.189
1140.369
1140.980
1129.221
1124.731
1123.361
1122.760
1115.660
1116.813
1112.897
1123.316
1124.507
1115.695
1116.987
1109.783
1104.328
1109.519
1113.616
1101.159
1104.870
1103.698
1101.162
1091.523
1103.351
1099.351
1090.920
1095.358
1086.069
1098.387
1094.534
1091.955
1096.565
1083.724
1090.718
1094.601
1088.123
1078.877
1089.474
1077.746
1080.418
1072.629
1087.277
1082.047
1088.384
1084.534
1085.891
1089.745
1103.547
1101.592
1100.370
1106.403
1097.881
1099.743
1130.034
1129.366
1137.422
1144.004
1159.784
1166.438
1171.284
1180.499
1175.336
1175.421
1174.778
1191.868
1190.644
1192.604
1183.462
1183.782
1175.497
1177.270
1187.131
1174.049
1173.991
1193.775
1190.509
1190.385
1196.305
1189.100
1199.908
1198.886
1190.366
1189.658
1194.850
1188.373
1215.280
1212.744
1208.164
1211.072
1215.232
1214.589
1210.593
1200.866
1194.973
1191.798
1181.343
1166.139
1163.603
1160.918
1147.317
1146.674
1139.038
1152.770
1150.988
1143.133
1136.190
1143.257
1140.719
1142.641
1159.139
1150.726
1164.506
1158.548
1164.471
1148.136
1151.432
1152.035
1146.872
1138.886
1137.753
1143.911
1147.938
1154.659
1150.081
1158.049
1148.322
1139.076
1146.287
1133.267
1127.189
1114.411
1128.960
1125.690
1130.090
1120.989
1137.420
1159.851
1153.398
1152.174
1158.100
1163.997
1154.335
1139.754
1144.887
1128.660
1135.251
1137.855
1130.650
1132.426
1122.766
1127.683
1146.567
1136.736
1139.963
1138.592
1144.541
1151.132
1159.035
1157.664
1135.068
1135.013
1134.609
1128.715
1130.633
1132.124
1152.466
1144.676
1153.401
1146.197
1158.621
1131.226
1141.602
1144.147
1149.489
1147.469
1153.394
1133.228
1130.888
1123.706
1124.355
1121.180
1116.015
1123.186
1142.821
1132.990
1137.597
1146.875
1145.479
1155.133
1153.909
1137.616
1145.539
1138.958
1136.422
1135.810
1141.151
1129.967
1154.247
1143.208
1143.521
1149.446
1146.842
1137.833
1151.659
1144.448
1137.201
1145.260
1138.782
1129.055
1135.706
1142.151
1143.619
1157.419
1158.264
1150.673
1146.676
1147.199
1152.329
1145.920
1140.716
1142.699
1145.972
1151.894
1145.272
1165.810
1156.240
1155.574
1149.097
1167.359
1153.005
1154.261
1153.856
1157.091
1163.747
1160.415
1159.948
1159.282
1148.896
1141.106
1140.841
1142.095
1138.782
1149.268
1147.979
1136.855
1150.142
1146.808
1146.018
1152.763
1149.598
1158.323
1148.492
1159.915
1146.872
1147.395
1144.233
1146.947
1152.847
1170.829
1166.825
1172.724
1170.731
1159.095
1178.708
1168.254
1158.099
1173.133
1163.471
1162.805
1166.832
1176.047
1153.254
1164.284
1162.891
1173.486
1166.943
1156.444
1158.211
1164.201
1172.107
1166.321
1158.531
1159.054
1165.494
1155.078
1157.793
1150.442
1153.672
1161.574
1152.470
1157.143
1146.673
1141.132
1148.608
1148.630
1135.615
1131.033
1127.036
1132.958
1121.227
1112.085
1119.831
1125.929
1121.926
1123.868
1126.409
1123.143
1125.652
1119.263
1138.427
1137.203
1137.917
1133.326
1153.200
1147.545
1154.637
1155.870
1160.455
1158.696
1161.923
1164.465
1182.959
1178.548
1172.071
1176.658
1183.016
1168.125
1165.437
1162.966
1171.542
1172.944
1175.594
1178.098
1177.310
1165.579
1178.732
1172.944
1170.990
1167.717
1177.409
1172.784
1164.261
1176.927
1174.996
1185.090
1197.751
1191.274
1178.988
1178.351
1167.935
1179.043
1176.640
1172.694
1182.997
1180.343
1181.745
1173.956
1173.976
1175.434
1172.895
1171.563
1165.840
1159.943
1166.430
1177.868
1193.714
1180.671
1178.135
1180.123
1185.584
1185.607
1199.386
1183.782
1189.126
1197.614
1190.409
1189.143
1196.354
1193.815
1187.189
1198.472
1186.742
1176.391
1183.720
1166.181
1164.184
1166.902
1160.944
1150.473
1149.827
1154.266
1141.246
1151.772
1141.618
1146.228
1141.063
1149.404
1139.426
1140.614
1130.740
1124.846
1134.129
1142.092
1127.737
1125.782
1127.763
1121.139
1118.350
1121.753
1119.217
1106.759
1103.347
1102.706
1124.069
1111.027
1121.621
1127.521
1119.731
1115.151
1114.512
1120.949
1113.745
1121.906
1117.416
1120.718
1127.930
1122.963
1115.608
1133.326
1132.859
1125.070
1133.593
1133.533
1136.711
1130.818
1129.440
1122.093
1115.471
1119.870
1110.039
1121.777
1135.513
1149.871
1148.647
1140.493
1142.451
1143.055
1152.185
1159.100
1151.892
1161.000
1170.068
1168.113
1146.338
1148.906
1145.571
1158.490
1153.327
1144.223
1159.312
1157.462
1169.457
1152.048
1152.139
1157.415
1156.625
1153.425
1162.640
1165.289
1166.063
1159.586
1164.927
1161.079
1167.265
1178.374
1172.335
1191.362
1188.070
1210.413
1218.897
1205.855
1217.025
1203.982
1215.159
1198.866
1215.293
1203.419
1196.450
1193.763
1190.497
1185.915
1183.227
1183.165
1187.714
1177.298
1173.538
1181.214
1174.114
1175.451
1175.370
1166.289
1174.046
1172.780
1153.886
1135.393
1135.573
1148.792
1147.568
1157.408
1152.789
1148.211
1135.169
1126.955
1118.488
1115.218
1115.748
1113.793
1119.137
1113.179
1118.455
1112.003
1110.782
1094.334
1099.675
1095.090
1090.509
1092.492
1095.794
1085.378
1100.668
1092.734
1095.237
1093.947
1092.723
1099.061
1099.149
1111.574
1097.219
1119.625
1113.002
1121.526
1127.478
1124.942
1111.900
1128.261
1123.098
1128.369
1143.463
1140.170
1138.826
1142.363
1129.321
1141.745
1136.849
1156.983
1149.882
1155.782
1164.262
1168.289
1174.731
1166.210
1164.252
1170.870
1165.149
1173.633
1159.341
1162.571
1160.617
1165.744
1160.538
1163.319
1150.965
1160.660
1168.696
1171.058
1176.337
1174.383
1163.967
1157.370
1158.041
1151.498
1154.794
1148.271
1152.301
1148.330
1143.748
1154.343
1143.200
1138.723
1141.438
1155.798
1149.137
1146.599
1142.748
1142.768
1147.382
1142.696
1128.326
1117.910
1119.897
1110.755
1103.546
1107.570
1111.449
1097.119
1089.329
1099.170
1102.466
1103.076
1093.244
1098.586
1102.574
1104.037
1113.339
1115.933
1112.706
1114.066
1114.569
1101.989
1105.287
1107.248
1114.486
1114.509
1133.046
1134.280
1127.802
1137.082
1142.300
1135.161
1128.476
1129.813
1129.994
1128.239
1130.785
1127.519
1134.685
1133.458
1135.618
1131.702
1141.542
1144.195
1132.321
1133.101
1144.256
1144.347
1133.892
1146.357
1139.149
1130.733
1147.828
1137.412
1141.376
1138.928
1142.224
1136.327
1121.995
1117.998
1126.723
1127.807
1135.239
1128.696
1147.575
1143.722
1133.306
1131.746
1121.910
1133.259
1128.677
1120.265
1123.567
1118.985
1130.135
1130.011
1132.236
1122.985
1132.268
1126.752
1117.651
1114.383
1115.144
1130.456
1127.733
1117.317
1127.789
1123.208
1126.504
1129.776
1124.465
1124.085
1114.860
1134.081
1128.945
1153.409
1148.763
1131.224
1139.045
1133.814
1132.444
1129.036
1122.626
1114.857
1116.194
1120.224
1116.373
1111.793
1124.212
1121.479
1122.087
1112.836
1116.109
1103.093
1124.016
1115.111
1122.322
1124.240
1130.747
1124.267
1129.543
1117.257
1131.059
1139.583
1133.040
1130.354
1149.926
1138.287
1132.974
1135.689
1143.680
1150.232
1140.504
1150.340
1135.285
1131.291
1127.637
1132.976
1136.272
1138.256
1127.217
1128.405
1133.741
1136.971
1162.682
1168.092
1166.721
1167.501
1166.134
1159.660
1170.189
1159.773
1163.737
1180.470
1180.493
1178.537
1169.287
1173.752
1168.587
1169.989
1181.681
1177.831
1164.646
1160.653
1152.714
1157.864
1155.322
1157.868
1150.036
1148.835
1149.483
1157.971
1152.078
1139.478
1129.114
1138.092
1141.322
1137.329
1135.374
1132.104
1135.402
1140.015
1120.606
1127.113
1125.954
1123.705
1122.919
1115.710
1112.638
1120.289
1119.754
1124.406
1120.749
1136.104
1128.274
1136.073
1132.741
1126.264
1133.048
1138.324
1142.937
1136.979
1157.279
1156.613
1159.180
1154.706
1156.103
1146.272
1177.112
1175.886
1180.496
1183.000
1182.357
1189.013
1174.427
1183.001
1199.405
1195.645
1203.613
1199.136
1191.347
1200.564
1192.775
1192.129
1188.970
1181.377
1187.088
1195.056
1184.640
1191.318
1186.005
1177.683
1181.563
1173.796
1162.651
1171.122
1169.830
1171.814
1152.232
1143.090
1160.074
1162.641
1158.298
1159.484
1161.323
1149.684
1131.272
1131.363
1138.453
1150.621
1144.079
1145.332
1151.317
1136.962
1141.570
1139.099
1130.129
1130.217
1129.580
1137.631
1132.468
1131.760
1126.451
1127.704
1118.455
1123.063
1133.684
1127.207
1122.625
1112.820
1126.036
1116.786
1147.991
1153.355
1154.066
1149.592
1174.451
1174.536
1166.747
1177.339
1166.923
1168.904
1180.814
1182.216
1184.866
1191.522
1189.505
1182.297
1178.303
1163.976
1160.125
1168.651
1173.112
1157.404
1160.207
1148.438
1153.048
1146.570
1140.674
1162.785
1160.179
1172.638
1184.574
1172.116
1178.555
1191.044
1183.943
1181.988
1182.014
1184.663
1192.691
1186.216
1186.395
1176.736
1173.466
1183.993
1182.038
1186.064
1182.068
1175.036
1167.827
1163.249
1170.816
1157.150
1150.630
1155.240
1164.344
1181.037
1179.813
1176.520
1182.377
1172.715
1177.991
1191.951
1189.266
1195.165
1190.691
1194.261
1195.512
1182.494
1191.772
1177.482
1165.777
1172.842
1156.617
1174.182
1182.085
1183.341
1170.949
1164.286
1161.578
1165.459
1143.355
1148.549
1140.760
1147.974
1140.146
1131.065
1145.425
1138.393
1137.103
1124.671
1145.010
1147.793
1154.381
1145.923
1137.495
1150.050
1146.719
1144.937
1141.086
1141.755
1127.362
1139.269
1132.794
1120.427
1126.180
1128.194
1117.778
1122.074
1113.661
1101.203
1124.027
1109.996
1102.405
1102.347
1106.308
1109.644
1100.832
1115.920
1126.391
1134.294
1135.694
1142.905
1146.935
1133.892
1145.647
1150.923
1153.145
1141.999
1151.109
1154.407
1136.868
1147.313
1132.333
1134.345
1137.086
1144.326
1140.476
1130.021
1138.509
1127.363
1131.973
1129.633
1131.065
1127.149
1131.021
1131.104
1139.440
1147.238
1141.280
1135.965
1137.948
1142.348
1141.682
1163.293
1152.877
1158.734
1139.776
1144.386
1151.040
1147.880
1151.735
1144.527
1136.182
1128.273
1128.452
1135.108
1130.765
1127.499
1133.039
1119.996
1137.672
1134.512
1122.144
1124.843
1132.659
1126.276
1136.655
1122.885
1133.299
1139.329
1135.258
1131.261
1128.233
1140.657
1136.314
1127.066
1125.111
1134.326
1140.806
1142.787
1140.040
1145.940
1144.521
1142.927
1156.707
1147.867
1153.962
1146.758
1155.241
1163.767
1150.020
1164.486
1155.966
1154.448
1153.077
1155.792
1150.630
1137.587
1132.130
1122.983
1122.344
1122.396
1119.496
1119.499
1112.836
1109.544
1119.343
1120.106
1114.944
1106.531
1112.284
1130.688
1125.526
1122.838
1133.945
1120.903
1127.647
1123.793
1122.416
1133.418
1136.136
1146.660
1142.809
1151.333
1146.755
1140.278
1139.740
1157.543
1147.150
1155.895
1147.615
1156.335
1142.760
1157.876
1166.983
1159.869
1167.772
1180.818
1169.778
1188.185
1184.334
1169.444
1170.144
1171.336
1177.820
1164.778
1161.752
1173.575
1175.416
1168.938
1171.650
1185.863
1188.512
1170.823
1177.888
1179.977
1174.814
1167.714
1169.697
1170.158
1172.722
1152.025
1146.571
1140.613
1149.227
1140.123
1135.741
1135.102
1127.310
1135.132
1124.914
1127.629
1122.466
1122.993
1113.746
1104.019
1115.262
1117.103
1115.814
1111.519
1114.423
1114.322
1107.844
1115.058
1111.210
1122.322
1120.364
1127.537
1118.329
1117.117
1114.581
1121.169
1134.802
1127.597
1110.058
1117.272
1115.314
1129.961
1126.111
1124.159
1125.390
1129.354
1136.590
1127.486
1132.469
1144.931
1146.706
1156.808
1145.107
1169.652
1153.359
1151.989
1144.780
1148.724
1151.981
1150.825
1149.390
1146.122
1138.290
1151.016
1157.697
1155.535
1145.119
1138.695
1140.294
1144.107
1134.272
1134.363
1146.119
1139.642
1146.295
1140.337
1158.138
1175.321
1155.740
1142.074
1142.018
1150.544
1162.448
1165.097
1156.750
1165.276
1165.299
1161.886
1155.371
1141.215
1146.559
1139.350
1143.465
1142.290
1137.502
1134.814
1145.962
1152.618
1142.890
1140.937
1154.011
1144.034
1148.578
1131.436
1151.010
1158.224
1154.308
1146.519
1155.118
1152.607
1150.649
1141.983
1146.513
1152.674
1147.963
1153.888
1150.595
1146.598
1155.662
1146.585
1142.735
1136.257
1159.915
1149.499
1147.548
1150.802
1147.597
1158.750
1147.711
1132.545
1142.342
1146.368
1139.268
1140.671
1145.258
1143.158
1138.681
1143.853
1136.739
1145.288
1148.520
1150.480
1149.254
1145.211
1146.465
1146.555
1136.720
1158.321
1141.536
1139.581
1152.799
1172.779
1161.634
1173.368
1152.472
1147.161
1147.960
1138.856
1136.944
1140.928
1156.019
1142.976
1150.145
1154.866
1152.330
1145.853
1139.959
1139.313
1146.335
1141.751
1152.170
1150.218
1155.648
1164.862
1162.324
1160.366
1156.581
1147.426
1132.173
1129.922
1118.873
1115.310
1103.305
1097.802
1085.437
1073.294
1059.978
1047.247
1031.261
1028.644
1022.782
1010.418
999.584
986.412
974.048
969.499
956.547
935.233
921.330
909.332
887.441
880.990
868.628
866.011
859.780
841.500
832.017
818.704
807.067
794.339
782.190
770.041
753.252
750.274
734.290
722.293
710.877
704.792
692.789
681.007
674.194
662.053
648.740
629.876
624.378
606.242
