2.996
3.006
2.964
3.508
3.466
3.476
2.672
3.900
6.556
3.376
3.386
3.396
3.406
3.416
3.426
3.383
2.996
1.641
2.996
2.996
3.006
3.076
3.086
2.376
3.660
3.617
3.575
3.532
3.542
3.357
4.014
9.561
6.903
6.247
6.254
1.650
2.996
2.953
3.551
4.093
6.677
6.684
3.445
3.402
6.628
3.336
3.293
3.303
3.260
3.802
6.387
6.394
3.101
3.059
3.016
3.557
3.514
3.472
4.014
2.659
5.243
3.900
3.287
3.244
1.631
2.996
2.953
3.551
3.561
2.206
3.528
2.759
3.460
3.417
3.959
3.346
6.511
6.468
6.426
3.243
1.889
3.211
3.753
3.140
3.150
3.107
3.064
3.606
2.837
3.161
3.233
3.243
3.201
1.631
2.996
2.953
3.551
2.218
3.540
6.193
3.531
4.073
3.992
3.376
3.386
3.396
2.686
6.585
6.592
3.352
3.362
3.372
3.330
3.872
2.943
2.761
5.348
3.420
3.962
3.349
2.996
2.953
3.527
2.757
6.656
6.613
3.491
3.501
2.539
3.822
6.406
6.364
6.321
6.331
3.149
1.631
2.996
1.641
3.494
2.943
2.996
2.216
3.541
3.551
1.631
2.172
5.390
4.035
3.419
2.064
3.447
3.457
3.527
4.881
6.193
4.116
6.750
2.145
3.414
3.372
3.528
3.538
3.548
2.194
2.151
3.473
3.483
3.493
3.503
2.733
6.373
6.330
6.288
6.295
3.002
2.960
3.557
4.881
2.996
2.953
2.996
2.943
2.176
2.996
2.276
3.546
3.503
1.691
2.234
3.558
2.943
2.226
3.548
3.506
4.048
5.320
3.977
3.368
3.910
2.556
3.839
3.796
6.433
6.391
4.267
3.430
6.756
7.298
5.943
9.799
8.445
9.767
9.774
9.732
6.439
6.396
3.689
6.273
7.413
4.082
4.039
6.623
6.580
7.091
9.723
3.233
3.243
3.253
3.263
3.273
1.918
1.876
2.216
2.176
4.030
3.417
3.374
2.710
5.294
6.564
6.521
6.479
9.643
9.601
9.608
10.150
4.211
4.130
4.633
6.592
5.237
6.506
6.464
6.431
6.389
6.396
3.113
3.071
3.588
4.881
2.996
2.953
3.558
6.193
3.531
1.631
2.943
3.488
3.446
3.056
1.702
1.659
2.996
3.066
3.024
2.996
3.006
1.652
3.557
2.943
3.541
4.083
3.313
6.588
7.131
6.465
6.422
6.379
6.922
9.506
9.463
6.800
6.808
2.996
3.006
2.236
3.561
3.518
3.497
3.507
3.465
3.116
3.126
3.136
3.118
3.133
4.259
6.220
4.142
6.779
4.071
4.029
3.947
6.531
3.824
3.215
3.225
3.182
3.140
2.377
2.335
3.033
3.576
2.996
3.006
2.964
3.561
3.518
2.996
3.006
3.076
2.680
3.379
6.597
3.414
3.424
2.070
3.342
6.509
7.051
8.323
6.395
6.937
4.191
4.013
5.283
10.455
9.839
6.546
9.711
9.721
7.063
9.602
6.851
10.078
10.036
6.743
6.700
3.992
6.576
3.869
4.368
5.640
6.339
6.296
6.304
3.064
6.281
6.239
6.196
3.581
3.538
3.496
6.710
3.470
3.428
3.385
3.949
2.594
6.490
6.498
3.258
3.268
3.278
1.923
3.245
3.255
3.265
5.130
6.402
6.412
6.369
6.326
6.284
6.241
6.251
6.261
6.219
6.828
4.120
6.754
3.462
3.419
3.376
3.334
3.291
3.301
2.943
4.073
6.657
6.664
3.956
5.229
6.548
3.308
3.378
3.336
3.293
3.835
5.107
5.064
3.137
3.094
6.309
3.069
3.026
2.984
2.943
3.581
4.881
3.581
2.996
2.953
4.083
2.728
3.427
3.384
3.342
4.469
3.814
6.448
3.156
3.750
1.830
3.152
3.162
3.172
1.878
3.200
3.157
3.186
1.831
3.707
2.352
3.051
2.281
2.241
3.510
3.468
3.425
3.967
3.354
3.312
3.854
6.459
4.336
4.985
6.257
6.214
6.246
6.203
4.126
4.083
6.667
7.167
4.470
6.483
6.491
3.251
3.261
2.491
6.390
6.932
6.889
6.847
3.581
6.243
3.003
3.014
3.024
3.034
3.044
3.054
3.011
2.969
4.098
4.017
3.936
6.570
3.330
3.400
2.045
3.528
2.758
3.460
3.417
3.374
3.332
3.289
6.504
3.056
3.014
2.971
2.996
2.953
4.133
6.717
5.362
6.642
6.599
6.557
6.567
6.577
6.534
6.502
6.512
6.469
6.426
6.384
5.614
8.198
9.467
6.805
6.812
3.528
2.590
6.486
6.444
5.089
6.411
6.418
3.126
3.143
3.153
3.163
1.809
3.078
3.156
3.166
2.996
2.996
3.006
2.964
3.558
3.516
2.746
3.442
3.452
2.097
3.367
3.324
1.631
2.996
3.014
1.631
2.943
6.193
4.116
6.700
4.044
3.963
6.597
3.357
5.221
3.878
3.265
3.860
4.402
3.632
7.528
8.800
8.758
11.381
12.693
6.781
6.738
6.746
2.726
4.009
6.593
6.551
6.558
2.943
3.541
2.996
3.006
3.548
2.996
6.193
3.531
1.631
2.216
3.353
6.681
6.638
3.983
2.063
3.445
1.631
2.943
2.996
3.124
2.354
6.250
6.207
3.545
3.502
3.512
2.165
3.447
3.404
2.216
2.176
3.456
3.466
3.476
2.216
2.761
7.006
3.141
3.211
3.221
3.231
3.241
3.251
3.321
3.331
3.401
3.471
3.429
3.386
3.344
3.354
3.311
3.268
3.226
3.183
3.141
3.098
3.640
6.274
3.034
3.044
3.054
3.012
1.631
6.246
6.203
3.541
3.558
2.204
1.631
3.537
3.494
2.996
3.006
3.016
3.026
2.984
3.528
3.538
3.496
3.453
2.996
3.066
3.076
3.086
6.265
6.223
3.560
1.631
2.996
1.641
3.547
3.557
2.996
3.538
3.548
2.943
3.488
2.996
4.133
6.717
6.674
3.492
3.449
3.407
3.364
2.996
2.226
3.581
2.226
3.496
4.038
3.424
3.434
3.975
6.559
7.101
9.686
7.562
8.208
4.916
6.246
6.203
3.541
2.728
3.427
2.996
3.006
2.964
3.561
2.206
2.164
3.486
3.443
6.619
6.577
6.584
3.292
4.376
3.729
3.647
3.605
3.562
2.996
3.006
3.016
1.662
2.996
2.953
3.018
2.975
2.219
3.491
3.449
2.336
3.570
3.527
3.484
3.442
3.452
3.409
3.367
2.604
6.510
7.052
9.637
9.594
6.936
3.458
6.786
6.744
7.336
6.670
6.627
6.637
6.595
6.552
6.560
3.003
2.961
3.506
3.523
3.533
3.543
3.553
2.199
3.528
3.486
3.003
3.598
2.996
3.006
3.016
3.206
3.216
3.227
2.996
3.006
3.016
3.026
2.984
3.528
3.538
3.548
2.943
3.541
3.551
3.582
3.540
3.497
3.455
3.465
3.422
3.432
3.390
3.347
3.304
3.899
3.230
3.188
3.198
6.387
6.397
4.274
6.234
6.193
6.246
6.203
4.126
4.083
4.625
6.638
5.284
6.513
6.471
9.686
4.312
6.858
6.815
6.773
6.730
6.687
6.697
6.655
6.612
6.570
6.580
6.590
7.132
8.404
9.726
7.018
9.602
7.479
6.813
9.493
2.951
3.531
1.631
2.943
4.113
6.697
6.654
6.662
2.057
3.056
1.702
3.084
3.154
1.799
2.341
3.043
3.010
2.968
3.581
3.538
3.496
3.453
3.410
3.420
3.430
3.973
3.359
3.901
2.547
3.320
2.943
3.531
3.488
3.498
3.456
2.996
3.014
2.971
3.528
3.538
3.548
3.506
2.943
3.541
2.186
3.468
3.426
3.383
3.341
3.319
3.277
3.234
3.192
3.734
6.339
3.099
4.963
6.283
3.043
2.333
3.605
6.770
6.780
3.345
6.618
6.575
6.582
3.874
3.832
6.416
6.373
6.915
6.873
3.007
2.996
3.056
3.066
2.996
1.641
2.861
3.560
3.517
3.527
3.484
3.056
3.066
3.136
3.146
3.156
3.166
3.730
3.117
3.074
3.032
2.262
4.118
6.703
6.660
6.617
4.494
6.455
6.412
4.289
6.250
6.207
6.246
6.253
2.961
3.528
3.486
2.996
3.066
3.136
3.146
3.156
1.802
3.124
3.134
3.204
2.996
3.006
1.652
2.996
2.216
3.282
3.239
3.196
3.738
2.384
6.280
6.237
4.114
5.386
5.167
6.502
7.097
7.015
6.934
6.892
4.145
2.996
2.953
4.083
3.313
6.638
3.346
3.303
3.261
3.218
3.175
3.133
3.090
3.590
1.631
2.996
3.538
2.768
6.667
2.705
6.651
3.411
3.421
2.126
2.798
6.745
3.452
3.428
2.996
3.006
3.076
3.086
3.096
2.326
4.913
2.996
2.953
3.548
6.766
5.411
6.683
6.691
3.398
3.355
2.996
3.538
3.548
3.558
4.100
4.019
3.977
6.561
6.568
3.328
3.870
3.828
6.462
5.064
6.387
2.996
2.953
2.236
3.508
3.487
2.996
3.003
2.961
6.193
3.531
2.164
3.433
3.391
3.348
3.305
2.943
3.512
3.470
4.012
3.242
3.315
3.272
3.282
3.240
3.782
6.366
6.373
3.193
3.203
3.213
3.283
3.294
1.939
3.208
3.803
3.187
3.205
3.172
3.182
2.996
2.996
3.006
3.016
3.558
2.943
3.548
1.631
3.124
3.081
3.038
3.580
3.538
2.943
2.996
2.996
1.641
2.996
1.641
2.232
3.504
3.462
3.472
3.482
3.439
2.943
3.541
2.186
3.508
3.518
2.748
3.447
3.405
3.362
3.319
3.329
3.872
4.414
6.427
6.434
3.142
2.372
3.071
3.028
2.986
2.943
2.996
1.641
2.996
2.953
2.186
3.508
3.518
3.528
3.486
3.443
5.307
6.629
6.587
4.516
5.737
6.383
6.394
6.404
6.361
6.318
6.860
6.195
6.792
6.749
6.759
6.717
6.674
6.632
6.589
6.596
3.356
3.367
3.377
3.447
2.092
2.216
3.541
2.186
2.728
2.688
3.387
3.397
3.355
3.312
6.193
3.531
3.488
3.446
3.403
3.902
3.821
4.363
3.009
2.966
2.924
2.216
3.486
3.056
3.066
3.076
1.722
3.044
3.586
2.996
2.953
4.083
5.355
6.627
5.272
6.595
6.552
6.509
3.801
6.386
6.343
6.350
5.017
6.339
1.735
3.057
3.599
6.193
6.193
6.738
6.696
6.653
6.663
5.308
6.578
6.535
6.493
6.503
9.717
3.285
2.515
3.214
3.284
3.301
3.311
3.269
3.226
3.184
6.398
3.158
3.168
3.126
3.083
3.041
2.998
2.955
3.553
3.563
3.520
3.478
3.977
3.361
3.903
5.176
5.133
6.455
6.412
6.954
3.089
3.631
6.215
3.552
3.510
3.520
3.477
4.019
6.603
6.561
6.518
6.475
6.485
6.493
3.373
3.383
3.393
2.099
3.953
4.495
5.767
6.466
3.343
3.300
3.258
3.215
3.173
3.130
3.672
6.306
2.943
3.581
2.226
3.496
3.506
3.463
2.996
3.006
3.016
2.996
3.006
2.996
3.006
3.016
2.306
3.008
2.965
2.996
2.953
2.996
2.953
3.531
3.488
3.446
3.403
1.631
2.996
3.006
2.964
2.996
3.006
3.016
3.026
2.984
2.996
1.641
3.056
3.066
3.608
2.996
2.943
2.176
2.216
3.538
3.496
3.453
3.410
3.910
6.494
6.451
6.461
5.107
6.379
6.336
6.294
6.251
9.443
6.781
7.323
6.710
6.667
6.624
6.632
3.339
3.297
3.837
3.068
3.140
3.098
3.055
3.065
3.629
3.015
1.631
3.116
3.126
2.996
3.006
3.016
2.974
2.943
2.996
3.006
3.016
4.881
2.996
2.953
3.551
3.561
2.943
3.015
2.996
1.702
2.974
3.518
3.528
3.486
2.996
2.953
3.581
2.996
2.226
3.581
3.581
3.538
1.691
3.014
1.719
3.041
3.051
1.696
2.969
4.098
2.743
3.442
3.421
3.378
3.931
3.317
3.275
3.232
3.242
3.207
5.060
4.301
4.843
6.115
6.762
6.772
7.314
5.263
6.585
6.543
6.553
6.510
6.468
6.425
6.382
5.612
9.559
6.266
6.223
4.145
6.715
6.672
6.630
6.637
3.528
2.758
6.704
3.464
4.006
2.652
3.351
3.893
3.812
1.831
3.100
3.058
3.015
3.083
3.153
3.163
3.173
3.183
2.943
3.541
3.498
2.996
2.953
3.581
4.881
3.527
2.996
1.641
1.691
3.074
3.031
2.996
2.996
2.953
3.551
3.561
2.996
2.953
3.551
2.196
6.676
6.633
6.591
6.548
6.505
5.151
6.473
6.430
6.440
6.398
6.405
1.800
3.183
3.193
3.735
3.121
3.664
4.936
6.208
6.243
3.536
3.493
3.308
3.268
3.767
4.392
4.934
4.852
4.810
6.768
6.775
3.483
3.462
3.419
3.528
3.538
2.996
3.006
1.652
2.996
3.006
3.016
3.026
1.672
2.943
3.541
3.551
3.561
2.996
3.006
3.016
3.026
3.104
3.061
2.996
1.641
2.996
2.226
3.548
2.778
3.480
4.022
5.294
3.366
3.323
3.333
3.291
3.248
3.206
3.163
3.195
3.789
2.435
2.392
2.311
3.010
3.116
3.126
3.136
3.146
3.156
3.166
2.996
3.006
3.076
3.700
6.334
3.094
3.104
3.114
2.943
3.541
3.551
2.781
5.365
3.437
3.395
3.989
7.091
3.810
2.455
3.154
6.369
3.189
3.199
3.156
3.751
3.138
3.528
3.538
2.184
3.566
3.523
3.480
3.491
4.033
5.305
3.377
3.972
6.556
3.848
3.805
3.724
6.308
6.265
1.718
3.100
2.330
2.249
3.519
3.476
2.943
4.881
6.246
6.256
6.266
6.224
3.561
2.943
2.176
3.498
3.508
3.518
3.528
3.538
2.244
6.798
7.390
4.111
3.498
3.455
6.620
6.577
6.535
6.492
6.450
6.460
6.467
3.227
3.237
1.883
3.205
3.215
3.225
3.235
3.245
1.890
2.996
2.953
3.517
2.222
3.545
3.502
3.459
3.469
3.479
4.074
3.461
3.418
3.376
1.631
2.996
1.641
3.528
3.486
3.464
3.443
3.401
3.943
2.588
6.497
3.789
3.120
2.943
3.581
4.881
2.996
2.226
3.548
3.558
2.996
3.006
1.652
1.752
3.024
3.573
3.530
3.488
5.405
3.477
2.996
3.006
3.016
2.974
4.103
3.333
6.656
3.416
2.996
3.006
1.652
1.631
2.943
2.226
3.548
2.194
3.516
2.996
1.641
2.996
3.006
2.996
2.953
3.551
3.561
3.528
3.538
3.496
3.056
3.126
3.144
3.101
2.216
2.176
2.996
3.006
1.652
2.996
2.226
4.143
2.788
5.372
5.330
6.652
3.944
6.528
6.536
3.296
3.253
3.795
4.267
6.278
2.986
2.943
3.488
3.446
3.403
3.413
3.955
3.339
2.996
2.953
3.581
2.226
3.548
3.558
2.788
5.931
7.203
7.122
9.706
9.664
9.621
6.913
9.497
9.455
9.999
10.009
9.967
9.974
9.932
6.639
6.596
3.889
3.860
6.444
6.412
6.954
2.892
2.811
2.771
4.043
6.677
3.438
3.448
3.458
2.688
3.389
3.347
3.357
3.314
3.856
5.150
4.380
6.393
3.685
6.319
3.079
3.089
3.100
3.110
3.120
3.130
3.087
3.044
3.055
3.033
1.631
2.216
3.488
3.446
3.403
3.413
4.008
6.592
6.549
7.141
3.278
5.131
6.400
6.900
6.819
9.496
6.203
8.131
6.246
9.514
3.556
6.720
6.728
3.435
3.985
6.569
6.526
6.484
6.441
6.398
6.993
6.377
3.669
3.627
6.211
3.548
3.506
3.516
3.473
3.430
3.388
1.631
3.544
3.562
4.104
3.334
6.662
6.672
6.679
3.440
2.085
6.316
6.274
6.231
6.193
4.116
2.135
3.407
3.364
3.374
3.969
6.553
6.511
4.388
6.348
6.306
6.263
6.273
6.815
2.943
2.996
3.006
2.964
3.558
3.516
4.058
6.642
6.649
2.045
3.367
3.324
2.943
3.541
3.551
2.996
3.006
2.964
2.196
2.154
3.423
3.380
3.338
3.880
3.267
2.996
3.006
3.016
1.662
2.996
3.006
1.652
3.557
2.202
3.524
3.534
2.180
3.502
3.512
3.522
2.167
3.437
2.216
2.234
2.996
6.193
3.531
3.003
2.961
3.558
2.996
3.006
3.016
1.662
2.837
3.276
3.234
3.191
3.201
2.996
3.006
3.548
3.558
2.943
3.003
3.021
2.978
6.193
6.246
6.203
3.541
3.498
2.996
3.006
3.016
1.662
2.943
3.581
6.243
1.639
2.996
3.006
3.016
2.974
2.998
2.955
4.881
3.527
1.631
1.631
2.943
2.276
3.546
3.524
4.119
3.506
3.463
3.421
4.016
3.402
2.996
3.006
2.964
2.196
3.518
2.996
2.953
6.747
6.704
3.522
5.389
6.661
4.538
6.548
2.996
1.641
2.996
1.641
3.544
2.774
6.680
7.223
6.609
6.567
7.159
6.493
3.785
6.419
3.179
3.189
3.147
2.216
2.761
5.345
6.664
3.484
3.495
3.452
3.409
3.367
3.909
5.773
6.472
6.429
3.721
4.263
6.274
2.982
3.003
2.961
2.996
3.538
2.184
3.506
3.516
3.581
1.631
2.276
2.236
3.558
2.216
3.538
6.193
3.531
4.126
3.512
3.470
6.646
4.523
6.536
6.494
6.504
3.796
6.933
6.267
6.809
6.767
6.724
6.682
6.639
5.869
8.451
6.523
6.530
3.290
3.360
3.370
3.380
2.086
6.665
2.996
3.126
2.996
1.641
2.943
2.216
3.538
4.102
6.736
3.496
3.506
3.516
3.526
2.756
4.900
9.487
9.495
9.452
3.539
4.081
5.354
6.626
6.583
8.436
6.508
6.515
3.223
3.180
2.418
3.116
3.074
3.031
3.573
2.996
2.996
3.006
1.652
3.557
3.514
3.472
3.482
2.719
3.375
3.918
4.421
6.434
5.080
6.944
6.901
6.132
9.496
6.203
3.541
3.498
3.456
2.686
3.919
6.503
6.461
4.338
4.295
6.840
4.132
4.051
3.970
6.554
6.512
5.157
5.699
6.395
3.102
1.631
3.528
2.174
3.446
2.996
3.006
3.016
1.722
2.991
3.533
3.491
3.501
3.458
3.425
3.968
6.552
6.509
7.020
6.354
6.311
6.269
6.276
2.984
3.528
3.538
3.556
3.056
3.014
2.971
4.116
4.087
6.721
3.481
3.499
3.456
3.413
3.371
2.996
2.996
3.006
3.548
3.566
3.523
3.480
3.448
3.990
6.624
2.020
1.977
3.299
2.996
3.006
2.964
2.246
2.943
3.581
2.811
5.398
9.871
4.498
6.509
3.269
2.996
2.996
2.953
2.216
6.479
6.436
6.394
3.271
3.281
3.291
3.833
5.105
5.063
3.135
3.092
3.050
3.007
2.964
2.197
2.996
3.003
3.014
2.971
2.996
2.953
4.116
6.700
6.657
6.614
6.572
7.114
6.448
6.990
6.377
6.334
6.876
4.168
2.996
3.006
2.964
3.528
3.486
4.572
3.218
6.543
6.501
7.093
6.427
6.434
3.194
3.152
3.162
3.119
3.076
6.241
6.249
2.956
6.193
3.531
3.556
2.201
6.678
6.635
6.593
6.550
6.560
6.517
6.528
6.485
6.442
6.400
6.407
2.996
2.226
3.551
3.561
2.791
6.690
6.647
6.605
7.147
7.066
2.480
2.437
3.709
6.293
6.885
6.219
3.557
3.524
2.943
3.541
3.551
3.508
3.466
4.008
3.395
3.352
3.947
6.531
6.488
6.988
7.491
9.502
6.259
2.239
3.562
3.519
3.476
2.996
3.598
2.996
2.996
2.226
2.996
3.006
2.964
2.996
3.006
2.964
3.561
2.996
1.641
2.996
3.006
3.016
1.662
2.996
3.658
3.045
3.002
3.012
3.023
3.565
3.522
3.479
3.437
3.447
3.404
3.362
3.319
3.287
2.517
2.435
6.384
6.342
6.299
6.306
2.407
6.669
6.677
3.056
3.066
3.076
2.306
3.005
2.962
2.780
4.416
2.397
3.680
2.326
3.024
2.982
2.943
3.541
2.186
3.516
3.473
2.996
2.953
2.996
2.953
6.193
3.531
3.488
3.446
6.610
6.568
6.575
1.971
3.293
3.303
3.313
3.323
3.865
6.499
3.259
3.269
1.975
3.297
1.942
1.899
2.442
3.143
3.100
3.058
3.075
3.085
1.731
3.053
3.595
3.552
2.996
2.953
2.996
3.538
3.496
3.453
3.520
3.530
3.541
2.186
3.508
3.116
2.943
2.996
2.953
4.881
4.881
2.996
2.811
3.512
4.054
2.074
3.396
3.353
3.363
3.321
3.278
2.508
6.454
3.334
1.980
6.457
6.414
3.706
6.340
3.100
3.056
3.126
3.144
3.101
1.631
2.996
3.006
1.652
3.176
3.186
3.165
3.123
3.080
3.622
3.009
3.604
6.193
3.531
1.631
2.943
3.581
2.996
2.996
3.014
2.971
3.581
2.216
3.538
3.548
3.558
3.528
3.486
3.503
3.513
4.055
2.701
2.658
5.242
3.314
3.856
3.243
3.200
3.158
2.996
3.006
3.016
1.722
2.991
3.001
3.011
3.553
3.511
6.687
6.694
2.090
3.412
4.014
3.244
4.439
8.335
6.407
6.364
6.322
6.279
4.156
3.394
7.251
6.585
6.542
6.500
6.510
7.052
7.021
3.158
3.168
3.125
3.082
3.624
6.209
3.546
6.775
4.881
2.996
3.538
2.996
2.953
2.996
2.953
2.996
2.953
2.771
3.470
4.012
2.657
3.927
6.561
1.631
2.996
1.631
2.943
3.581
2.226
2.943
2.996
1.641
3.056
3.014
2.996
2.953
3.581
2.943
4.073
3.460
2.996
3.006
3.076
3.618
3.537
1.691
2.964
6.193
6.246
6.203
6.246
6.788
5.434
4.090
4.048
6.684
6.642
6.599
6.557
9.721
9.679
8.324
6.981
6.952
6.871
9.455
6.793
6.750
6.760
6.718
6.725
3.432
2.662
6.561
3.853
6.437
3.730
6.366
5.012
6.334
3.626
2.230
3.555
3.565
2.210
6.748
2.144
2.806
5.393
5.350
6.672
6.682
3.500
2.943
6.750
2.787
5.114
6.437
6.394
6.404
6.411
3.171
3.182
3.192
2.996
3.598
6.193
3.531
3.488
3.498
3.998
6.632
3.452
3.462
2.692
6.591
6.548
6.488
6.446
6.403
6.361
6.368
3.660
3.047
3.004
3.546
3.556
6.251
3.011
1.656
3.588
3.546
6.222
3.560
3.517
3.474
2.662
6.558
6.565
3.453
3.410
3.368
2.021
3.290
3.789
3.708
3.092
3.102
3.112
3.122
3.080
1.631
2.996
2.953
3.551
2.196
3.518
2.224
3.493
3.451
3.993
3.379
3.390
3.932
2.577
3.276
3.286
3.243
2.996
3.006
1.652
2.996
3.528
3.486
3.496
3.453
3.410
3.420
3.963
3.349
3.891
3.863
6.447
3.739
6.323
6.330
3.091
3.048
3.005
2.963
2.996
3.581
2.996
2.953
2.996
2.953
3.558
4.100
4.019
3.403
2.049
3.431
3.441
6.410
3.118
3.660
3.044
3.001
3.543
3.554
3.564
4.881
2.996
2.996
3.006
2.296
4.883
3.528
3.486
3.443
3.401
3.358
3.315
3.910
6.494
6.452
6.409
3.754
6.338
6.295
6.253
3.545
2.996
3.006
1.652
2.996
3.538
2.768
2.728
2.707
2.665
3.321
3.278
3.820
6.404
6.362
6.372
6.329
3.621
3.005
3.056
3.066
3.608
2.996
2.953
4.881
6.746
6.756
6.713
3.492
2.943
2.761
6.657
6.667
6.674
2.070
2.027
3.349
3.479
4.022
6.606
6.563
6.520
6.478
3.295
3.305
3.315
1.961
3.230
3.188
3.145
3.170
3.180
3.137
3.095
3.105
2.996
3.006
2.943
3.510
3.520
3.477
3.487
3.987
3.958
6.595
6.602
1.998
1.955
3.224
3.182
1.631
3.588
3.546
2.996
3.006
3.045
3.002
2.996
1.702
3.558
2.996
3.006
6.193
3.531
2.943
2.176
2.134
3.403
3.360
6.578
6.535
7.077
7.046
3.183
3.140
3.098
3.640
6.224
3.561
4.103
5.375
3.447
3.405
3.362
1.631
2.943
3.541
3.551
4.114
3.559
3.056
3.014
3.024
2.981
2.943
3.488
1.812
3.134
3.144
1.849
3.171
2.996
3.538
6.510
6.468
6.425
3.717
3.101
1.747
3.019
2.976
2.996
2.953
3.551
3.508
3.466
2.996
3.006
3.016
3.146
3.156
3.166
3.237
3.247
3.257
3.267
1.631
2.996
2.953
6.193
3.531
4.126
6.710
6.720
6.677
6.634
3.927
6.563
3.908
6.492
6.500
3.207
3.164
3.705
6.339
3.631
3.018
3.613
3.000
2.996
3.006
2.943
3.531
4.073
2.718
6.614
6.572
6.529
3.821
5.678
6.947
6.282
6.239
5.469
4.126
3.528
3.538
3.496
4.622
3.971
6.555
6.565
5.210
5.752
4.370
5.019
6.291
6.249
6.259
6.216
6.811
2.943
2.996
3.591
2.216
6.693
6.650
6.660
6.668
1.631
2.996
1.702
2.971
2.943
3.541
2.246
2.943
2.216
3.541
4.090
6.674
6.632
3.924
4.466
5.738
6.437
6.447
7.042
5.687
6.971
6.305
6.312
3.019
3.562
2.996
3.528
2.996
3.066
3.076
3.146
3.156
2.943
4.123
4.042
3.999
6.636
3.928
6.562
2.017
3.347
3.304
6.469
1.922
2.996
2.953
6.246
4.123
4.094
5.366
4.012
1.631
2.996
3.006
3.016
3.026
1.672
2.996
1.641
2.996
1.631
2.996
2.953
2.996
2.943
2.996
1.631
2.943
2.996
3.006
3.016
1.662
2.943
2.176
3.446
3.116
3.186
3.256
3.214
3.171
1.631
2.996
2.943
2.996
2.953
3.498
3.456
3.413
3.370
1.631
3.537
3.494
3.452
1.631
2.996
3.066
3.076
3.086
2.996
3.006
2.964
3.561
2.943
3.528
6.693
3.985
3.326
3.294
3.251
2.996
1.641
3.176
3.186
3.196
1.842
3.164
2.394
2.351
3.635
6.219
6.775
6.732
5.378
5.335
6.657
6.615
6.572
6.582
6.540
6.497
6.454
1.907
1.864
3.187
3.317
1.962
3.284
3.362
3.319
2.216
4.881
2.996
2.996
3.006
3.016
3.086
1.732
3.054
3.064
3.074
3.031
2.989
2.946
3.581
2.226
3.548
4.090
4.594
3.239
6.512
7.107
9.741
9.698
6.406
6.416
6.927
3.593
3.550
2.996
3.006
3.016
3.618
6.202
3.540
4.135
6.719
6.676
6.633
6.644
6.601
6.611
4.540
3.301
3.843
3.762
6.346
6.304
6.314
2.351
3.417
3.384
3.341
3.884
3.270
5.123
6.445
3.737
6.374
6.381
1.631
6.193
3.531
3.488
4.083
6.667
6.677
4.022
6.659
3.476
3.486
3.444
3.401
3.358
2.943
2.761
3.462
1.631
2.996
1.641
3.056
3.126
3.084
1.631
6.706
6.663
6.620
6.630
6.638
3.930
3.314
3.324
3.334
2.040
1.997
3.319
3.329
3.339
3.349
3.359
3.369
3.327
3.284
2.943
2.996
3.003
2.996
2.953
3.551
3.561
2.206
3.478
3.436
1.631
3.528
2.174
4.030
2.676
3.218
3.291
3.248
5.112
6.384
6.342
3.634
4.176
3.563
3.528
2.174
3.496
3.506
3.463
4.005
3.411
3.368
3.910
6.494
6.452
6.409
6.419
6.426
1.822
3.144
3.101
3.643
4.916
3.528
2.943
3.488
3.446
3.403
2.996
2.953
2.186
6.666
6.673
2.068
2.996
2.953
3.558
1.631
2.216
2.174
2.131
3.400
3.942
2.609
3.305
3.315
3.325
3.283
3.124
3.081
3.091
3.101
3.058
3.016
2.996
3.541
3.551
3.508
3.466
3.445
1.691
3.014
3.024
2.996
3.006
3.016
1.662
2.202
6.682
6.692
6.649
6.659
6.667
2.122
3.394
3.404
3.362
3.319
3.276
3.871
3.258
3.215
3.173
6.349
6.306
6.264
6.221
6.781
7.322
7.240
9.874
6.582
6.539
4.416
6.427
3.134
1.691
1.649
1.631
6.747
4.096
3.428
3.438
1.631
2.996
2.953
3.551
2.791
3.333
6.661
5.307
6.629
6.636
3.396
2.996
3.006
2.996
2.953
3.498
4.625
3.817
7.051
3.185
3.142
2.943
2.236
1.631
2.943
3.541
3.551
2.996
2.953
3.531
3.488
6.653
6.660
2.640
6.539
6.497
6.454
6.461
3.221
1.867
1.824
3.146
3.216
2.507
3.205
6.423
3.715
4.256
6.266
2.974
3.519
3.476
2.943
3.528
3.486
3.443
3.400
3.368
2.216
6.479
6.436
6.394
5.039
5.581
5.539
6.828
3.536
3.493
3.450
3.408
3.365
3.322
3.280
3.237
3.195
3.152
3.109
1.631
3.552
3.510
5.362
6.682
2.996
3.074
3.084
3.626
2.271
3.543
3.501
4.043
2.688
6.584
3.876
6.460
6.418
6.425
2.943
3.541
3.498
3.456
2.216
3.541
3.551
3.561
3.528
3.538
3.496
6.710
3.470
3.480
3.491
3.501
3.511
3.468
6.686
6.672
6.629
3.974
3.945
6.529
6.540
6.547
1.942
3.264
1.910
1.867
3.197
3.207
3.217
3.227
3.297
3.254
3.212
3.169
3.126
2.943
4.073
3.303
2.336
2.255
2.797
3.499
3.456
3.414
2.996
3.006
3.016
3.026
6.202
4.146
6.660
6.618
6.575
4.462
9.723
9.680
6.387
5.033
4.990
4.232
6.778
6.736
6.693
6.650
9.868
9.825
7.167
6.501
6.511
4.396
6.963
3.681
3.600
3.558
6.193
6.246
3.591
4.133
2.778
5.362
3.434
3.392
1.631
2.943
3.528
3.486
3.443
2.996
3.006
3.016
3.026
3.036
2.996
3.006
3.076
3.086
3.096
1.742
3.064
3.074
1.719
2.991
2.949
4.128
3.368
6.596
6.603
3.311
2.996
2.953
6.243
2.224
3.546
3.503
3.513
3.470
2.996
2.818
6.767
2.747
5.334
5.291
3.898
6.532
3.352
3.528
3.538
2.184
3.506
3.516
2.996
3.066
3.024
4.113
7.253
6.587
6.545
7.087
6.473
6.431
7.026
6.412
6.420
3.538
3.548
5.412
6.734
6.692
6.649
3.941
6.525
6.483
5.128
6.450
6.408
6.365
6.907
6.241
6.783
4.076
8.555
6.577
3.869
3.807
2.452
5.036
3.108
3.066
3.023
4.887
2.216
3.538
2.184
3.453
3.994
6.578
6.588
6.595
1.991
2.531
3.230
3.188
3.690
6.324
3.528
3.538
3.548
2.996
2.226
1.691
3.014
2.244
2.568
5.697
6.343
6.885
6.219
6.764
2.996
2.996
3.546
3.556
3.528
3.538
3.548
3.558
1.631
2.996
2.953
4.083
3.470
3.427
3.384
3.927
2.572
2.529
3.228
3.246
3.316
2.546
5.133
3.205
3.747
3.133
3.528
2.174
3.467
3.003
2.961
4.116
3.500
3.457
1.691
2.961
3.558
2.996
3.006
6.193
3.531
3.488
6.653
3.945
3.287
3.244
3.201
3.159
3.701
2.346
3.630
3.601
2.996
2.953
3.498
3.456
3.998
3.189
6.517
6.527
6.485
3.050
6.960
6.294
6.301
3.646
6.230
6.243
1.639
3.492
3.449
3.406
3.364
3.906
6.490
6.447
3.739
3.124
3.194
1.839
3.108
3.066
3.076
3.003
2.943
3.541
2.186
3.508
3.518
2.996
2.953
2.996
3.538
2.768
2.750
6.646
6.656
6.666
3.958
3.916
3.146
8.354
6.373
6.330
6.288
6.799
5.444
6.766
1.631
2.996
2.953
2.186
2.144
3.413
3.955
5.227
6.497
6.454
3.746
3.130
3.140
2.370
3.072
2.996
1.641
1.631
2.943
4.073
2.718
5.302
2.655
6.551
6.508
6.465
3.758
6.392
3.099
3.056
2.216
3.852
6.436
6.446
6.454
3.214
3.284
3.241
3.199
3.156
2.996
2.953
3.581
3.538
3.496
2.226
3.548
2.194
3.463
3.420
3.378
3.388
3.345
3.845
3.236
3.194
3.151
3.693
3.025
3.035
3.577
2.996
2.818
4.104
2.711
2.669
3.367
3.325
3.282
3.240
3.782
3.168
1.631
1.691
1.631
3.056
3.066
3.076
3.086
3.096
3.106
3.116
1.762
3.084
2.996
3.006
3.016
1.662
2.996
1.641
2.996
3.006
3.016
3.026
3.036
2.994
2.951
3.586
3.543
3.500
3.458
4.000
6.584
6.541
6.499
6.456
6.413
6.424
6.434
6.441
3.018
3.028
2.996
3.006
2.236
1.934
3.316
3.274
3.231
2.469
3.738
2.968
4.929
6.251
6.208
6.753
6.761
3.468
4.010
3.982
6.616
3.383
3.340
3.298
3.387
2.032
1.990
3.312
2.542
2.866
3.565
6.246
2.284
2.996
3.006
3.548
3.558
2.996
1.641
6.193
3.531
3.498
4.040
4.544
5.777
6.423
6.381
6.391
6.398
3.056
3.126
3.136
3.206
3.216
2.454
6.400
3.160
3.118
3.075
3.032
2.990
2.947
3.545
3.555
3.512
3.522
3.479
3.437
2.996
2.216
4.881
6.746
6.703
6.713
6.670
3.963
1.982
1.966
3.822
6.406
3.751
3.709
6.293
6.250
6.207
4.130
3.514
2.159
3.481
3.438
4.033
3.441
3.399
3.409
3.385
2.090
3.413
2.058
3.380
3.922
2.568
3.840
6.424
3.716
3.160
1.631
2.172
3.494
2.724
6.364
6.321
6.329
3.621
3.007
3.550
3.531
3.488
6.656
4.001
6.585
6.542
6.500
6.457
6.414
6.372
3.664
6.298
3.058
3.600
2.996
3.006
2.216
2.996
4.126
2.771
2.728
3.372
2.996
1.641
1.631
2.996
3.006
3.076
3.146
3.216
3.227
1.872
3.194
3.151
3.109
2.996
2.953
2.801
3.500
2.996
1.641
1.631
3.537
2.996
3.066
3.076
3.086
3.156
3.166
3.177
2.407
3.108
2.996
3.066
3.076
3.086
3.096
3.166
3.177
3.187
3.197
3.207
1.912
1.870
3.192
3.202
3.212
3.222
1.867
2.419
3.126
3.083
3.040
2.998
3.008
2.965
3.563
2.943
2.996
3.591
2.996
2.953
3.551
3.561
2.943
3.488
3.520
3.477
3.434
2.996
3.066
3.024
6.795
6.752
6.709
4.001
3.386
3.396
2.996
2.953
3.551
2.256
3.526
3.483
3.441
3.398
3.993
2.638
1.970
3.292
3.302
3.312
3.269
3.226
3.184
3.141
3.099
3.056
3.013
3.056
3.066
1.772
1.729
1.686
3.008
3.019
3.029
1.674
2.943
3.581
4.881
6.243
3.003
3.014
3.024
1.669
2.996
3.006
1.652
3.557
2.996
3.066
3.608
2.996
3.546
2.943
3.538
4.080
2.726
2.683
6.582
6.539
6.497
6.454
6.411
6.421
3.714
4.986
5.528
6.246
6.203
3.541
3.498
2.996
1.641
1.689
3.011
3.021
3.091
3.048
3.066
1.711
3.033
3.012
2.970
2.202
2.996
1.641
2.943
3.056
2.996
2.953
2.996
3.006
1.631
2.996
3.598
6.193
6.243
3.011
3.021
3.031
3.041
3.051
3.061
3.071
3.081
3.091
1.737
3.059
3.069
2.943
3.541
2.186
3.456
3.466
3.476
3.486
2.216
3.486
3.496
3.453
3.391
3.933
3.319
3.277
1.631
2.996
3.006
3.076
3.056
3.066
3.184
3.141
3.683
6.267
6.225
4.147
6.731
6.738
3.498
2.144
3.466
2.111
3.433
3.443
3.401
3.411
3.953
3.340
2.943
6.193
6.193
7.323
6.553
8.514
5.806
6.505
6.462
6.419
6.427
3.772
3.158
3.116
3.073
2.996
2.996
2.996
3.126
3.668
3.055
3.012
2.970
3.531
3.541
3.498
3.456
3.998
3.384
3.395
3.352
3.894
3.281
3.312
6.527
1.922
1.880
1.691
3.014
3.556
3.566
2.996
2.953
2.996
3.124
3.194
3.204
3.161
3.171
1.631
2.996
1.702
3.024
6.193
3.531
3.488
3.446
2.098
3.370
3.581
3.538
3.496
6.672
4.017
6.653
6.663
6.621
6.628
3.388
3.346
3.313
3.855
3.827
3.798
5.070
5.028
6.350
3.110
3.120
1.765
3.147
3.277
3.287
3.298
3.368
3.378
3.388
3.930
2.575
3.847
3.231
3.241
3.199
3.741
3.149
1.631
3.003
3.546
3.503
2.943
2.176
2.134
2.091
3.413
3.370
3.328
6.493
6.450
5.095
6.365
6.957
3.094
2.996
1.631
3.537
2.182
3.452
3.409
4.536
3.181
3.139
6.459
3.339
3.349
3.328
3.367
3.324
3.282
3.003
3.014
1.631
2.943
6.193
3.531
4.080
6.664
6.622
6.579
7.171
2.567
3.836
6.420
6.378
6.388
3.680
2.344
2.301
3.056
3.126
2.356
2.316
3.015
3.556
3.566
2.996
3.006
3.076
1.722
3.104
2.996
3.538
3.548
2.996
2.953
3.551
3.561
2.206
6.683
3.975
6.569
6.577
2.943
2.176
3.498
2.204
6.680
6.688
3.395
3.405
2.996
1.641
2.996
3.006
3.016
1.662
2.996
3.006
1.652
2.943
3.548
4.090
2.943
3.541
3.551
3.561
2.943
1.691
2.943
3.541
2.186
2.144
3.466
3.476
4.018
3.975
3.891
6.475
6.433
6.440
3.200
1.846
1.803
3.125
3.135
3.205
3.215
3.225
3.262
3.219
1.631
2.996
1.641
3.531
3.488
3.446
3.470
3.428
3.438
3.980
2.625
6.521
6.529
3.881
6.465
6.422
6.380
6.337
6.295
6.252
6.259
2.943
3.541
2.186
3.508
3.518
2.164
3.436
3.393
2.996
2.953
2.216
2.216
3.546
3.556
2.201
3.523
2.168
3.491
2.216
6.479
6.486
3.246
3.256
6.435
6.445
6.403
6.413
3.705
3.089
3.046
3.004
2.961
4.881
4.112
3.498
3.463
3.420
3.378
3.920
3.839
6.473
1.868
3.138
3.148
3.105
6.270
6.227
3.565
6.246
4.123
3.510
3.467
2.943
3.541
3.551
6.195
3.532
3.490
4.032
5.304
3.376
2.943
3.541
3.498
3.456
3.413
3.380
3.338
3.295
3.253
2.996
2.953
2.996
3.538
3.556
6.756
5.986
3.454
3.056
6.282
3.042
6.219
4.141
3.371
5.334
6.656
6.614
6.571
6.578
3.399
3.409
2.943
3.541
3.558
3.516
3.473
4.068
5.340
3.412
3.369
3.327
6.492
6.499
3.206
3.216
3.174
2.216
3.538
3.548
3.558
2.996
3.581
2.996
2.953
3.528
3.486
4.028
4.531
4.489
4.446
3.207
3.164
3.121
3.079
3.036
2.943
2.996
2.953
2.771
3.095
6.420
6.963
3.681
3.639
6.223
4.145
2.164
3.486
3.496
3.506
2.152
3.474
2.704
3.976
6.560
6.536
6.494
6.501
3.209
3.166
3.528
3.538
3.496
1.752
3.606
3.528
3.486
3.443
3.400
3.358
3.368
3.325
2.943
2.176
6.653
3.945
6.529
6.487
6.497
6.454
6.461
3.221
3.232
1.877
3.146
3.688
3.133
3.143
3.153
3.163
3.765
6.399
3.159
1.804
3.126
3.137
2.943
3.531
3.548
3.558
2.996
3.538
3.548
2.996
2.996
2.953
2.996
2.943
3.541
3.551
3.561
2.791
3.490
4.032
5.304
5.261
3.333
3.291
3.248
3.206
3.163
3.120
3.078
3.088
6.367
3.127
3.197
3.207
3.164
3.122
3.079
3.621
3.029
2.866
5.816
6.463
7.005
6.339
6.349
6.359
6.316
6.274
6.866
6.200
3.537
6.702
6.659
6.667
2.062
3.334
3.344
3.354
3.907
6.541
3.301
3.311
3.321
1.966
3.348
3.358
3.376
3.333
3.343
3.885
5.157
3.762
6.346
6.303
6.260
6.268
2.975
2.943
3.003
3.014
1.659
1.631
2.943
2.996
2.953
3.551
3.508
2.996
2.226
3.548
3.558
3.588
4.130
3.514
3.524
3.538
4.080
4.052
4.023
6.607
6.565
6.522
6.479
6.487
3.194
3.152
2.996
2.953
3.548
3.506
2.996
1.641
2.996
4.130
2.776
3.474
3.432
3.934
3.318
3.328
3.870
6.434
3.142
3.684
3.071
3.613
3.000
3.542
3.552
3.562
2.943
2.996
3.528
3.538
3.581
2.996
3.538
2.184
3.456
3.413
6.578
2.031
3.353
3.310
3.267
3.278
3.235
3.192
2.996
3.006
2.964
3.508
3.518
2.943
3.541
3.551
2.196
3.518
6.193
3.531
3.496
3.453
3.410
3.420
3.056
3.598
2.244
3.566
4.108
2.753
2.711
2.668
6.567
3.859
6.443
6.985
6.369
3.550
6.137
6.783
6.740
6.750
6.708
7.303
6.637
6.644
3.351
2.582
6.478
6.435
6.445
6.402
6.360
6.317
6.275
6.232
6.193
7.346
6.680
3.972
3.363
3.321
3.863
3.250
3.207
3.217
3.174
3.132
3.199
3.269
3.279
2.570
3.271
3.228
2.943
2.996
3.538
2.184
3.456
3.413
3.423
3.380
3.338
2.996
3.006
3.016
2.974
2.256
3.581
3.538
3.496
3.453
1.631
2.996
3.538
3.548
2.194
3.466
3.495
3.505
2.996
1.641
2.996
2.953
2.996
3.006
1.652
2.996
1.702
3.144
3.154
3.164
3.174
3.131
4.258
4.907
4.881
4.881
6.246
6.203
3.541
3.551
3.508
4.050
6.634
6.592
6.549
6.559
4.436
3.082
3.000
2.958
5.542
6.246
4.123
3.507
3.464
3.474
4.017
3.403
3.371
2.943
3.541
3.551
2.196
2.943
2.176
3.498
6.663
6.630
6.588
7.183
6.567
3.274
6.489
3.309
3.319
3.329
3.399
3.941
3.899
6.483
6.440
6.398
6.405
3.165
3.122
2.996
3.006
1.652
3.116
3.126
3.668
3.055
3.012
2.970
2.943
1.631
2.996
3.006
2.964
3.531
2.996
3.006
3.016
1.662
2.943
2.216
3.538
3.548
2.838
4.072
6.706
3.466
3.423
3.966
3.352
2.943
3.541
3.551
2.196
2.154
3.426
3.436
4.031
3.417
3.959
3.346
6.215
6.246
6.203
3.541
4.136
3.520
4.062
5.334
3.406
3.363
3.958
2.604
3.302
2.996
3.006
3.003
2.996
2.953
5.405
6.677
6.634
6.592
6.549
6.507
3.324
3.334
1.980
3.252
6.529
6.486
3.778
6.362
3.180
3.190
1.835
3.157
3.115
3.125
3.082
3.624
3.011
2.968
2.996
2.996
1.641
2.996
3.006
1.652
2.996
3.006
2.964
2.196
2.154
3.423
3.380
3.338
3.295
2.996
3.003
2.961
4.090
6.674
6.632
4.509
3.154
7.062
3.783
3.170
3.127
3.003
2.961
3.558
3.516
3.473
3.430
1.631
2.996
2.226
3.056
3.066
3.076
3.034
3.044
3.001
3.543
3.553
6.718
6.675
3.968
6.552
4.428
5.077
3.734
5.591
6.237
6.778
4.654
4.612
3.373
3.330
2.216
4.881
2.996
2.953
2.996
3.006
2.996
4.130
4.102
2.747
5.331
3.988
2.633
3.877
6.461
6.418
6.376
6.333
6.343
6.301
6.258
4.722
8.618
6.640
4.517
5.751
6.449
6.407
6.417
6.916
6.146
5.377
9.234
6.526
6.445
9.768
6.475
3.767
5.581
3.615
6.199
4.121
2.766
6.662
6.620
6.627
3.387
3.457
2.103
6.644
6.654
6.611
6.569
6.509
6.466
6.424
6.434
6.391
6.401
6.358
6.369
6.376
2.356
4.940
3.012
3.607
4.881
3.581
4.123
5.395
6.667
6.624
6.582
3.874
3.258
3.275
3.286
3.243
3.200
3.158
3.700
2.930
6.205
6.246
6.203
6.748
5.978
6.677
4.022
3.941
6.577
3.870
6.454
6.461
3.753
3.725
2.370
3.069
3.026
2.983
3.528
2.174
2.996
3.006
1.691
3.548
2.194
2.996
2.996
1.641
2.943
2.176
6.656
6.663
1.631
2.996
2.953
3.551
4.093
3.480
1.631
3.528
3.486
3.443
3.400
2.996
2.996
3.006
3.016
3.026
3.005
2.962
2.216
3.538
3.548
3.558
2.788
3.487
2.996
2.953
2.962
3.581
2.216
2.996
3.006
3.016
2.974
2.218
3.490
2.996
2.996
2.953
2.186
2.144
3.466
3.423
3.965
2.611
3.309
3.267
3.277
3.234
3.244
3.254
2.996
2.953
2.996
2.234
3.142
10.028
6.736
6.693
6.650
6.660
6.618
6.575
6.533
6.490
6.447
3.212
3.170
3.127
3.084
3.626
3.584
3.541
4.083
3.470
3.427
2.943
2.176
2.836
4.122
4.093
5.365
6.635
6.592
6.602
6.610
3.370
3.327
3.284
3.242
1.631
1.691
3.546
3.556
3.566
3.523
3.480
3.438
2.996
2.226
3.551
2.196
4.063
6.697
3.405
3.116
1.762
3.668
2.275
2.996
2.953
2.186
3.508
3.518
2.996
2.953
3.551
3.561
2.206
2.164
3.056
3.126
1.772
3.154
3.111
2.996
3.006
2.236
3.558
2.943
3.541
3.498
2.943
2.996
2.953
2.996
3.591
3.581
2.996
3.006
2.964
6.193
3.531
3.488
3.467
3.424
2.276
2.996
1.631
3.528
2.758
2.716
1.631
3.581
2.996
2.953
2.186
2.728
3.273
4.545
4.503
4.460
6.421
6.428
3.136
3.093
3.635
6.219
3.556
6.721
5.951
7.221
4.474
6.482
3.242
3.252
1.958
3.227
3.206
3.216
6.381
6.338
6.346
1.741
3.063
3.073
3.031
2.988
3.583
2.228
3.498
3.508
3.465
3.423
1.631
2.216
2.540
5.124
6.396
6.354
6.311
6.268
5.499
5.456
3.528
3.485
2.943
3.581
2.996
2.953
2.246
2.943
2.996
2.996
3.006
3.016
3.026
1.672
3.056
3.066
3.076
2.366
2.690
3.974
6.558
6.565
1.961
3.283
3.293
2.996
3.066
3.076
2.996
3.006
1.652
2.943
2.996
3.006
3.016
3.026
1.672
3.528
3.538
3.496
6.222
3.560
3.538
3.496
2.726
6.624
4.554
6.515
6.522
2.943
2.821
2.152
2.996
3.006
3.016
1.662
3.528
2.996
3.006
3.016
3.026
3.036
3.578
2.809
3.452
2.943
2.176
3.498
3.508
3.518
3.528
1.691
3.014
3.024
3.034
2.943
3.581
3.538
3.496
3.506
3.463
3.420
3.378
6.543
4.419
4.377
6.390
6.398
3.105
3.062
3.072
3.615
2.221
2.943
2.176
2.134
3.466
3.423
3.965
6.518
6.528
6.486
6.443
9.608
8.253
6.910
7.466
7.423
4.677
3.438
3.395
2.943
2.761
5.348
3.954
6.538
3.883
6.467
6.425
6.382
6.392
6.350
6.307
6.264
6.274
6.232
6.193
3.531
3.488
3.446
3.403
3.945
3.917
5.189
6.458
3.803
6.387
6.397
3.742
6.376
3.136
3.146
3.125
1.770
3.042
3.000
3.544
4.086
6.671
6.678
3.438
3.508
3.518
2.808
4.042
6.626
7.168
4.474
4.432
2.412
9.616
3.718
6.302
3.120
3.662
2.892
5.476
6.745
6.703
6.660
6.617
6.575
5.220
5.178
6.497
3.374
3.385
3.455
3.465
3.475
3.432
3.390
3.347
3.304
3.262
2.996
3.538
3.548
2.996
3.006
3.016
1.662
2.996
2.953
3.498
6.716
2.996
2.996
3.006
3.016
1.662
4.123
4.094
3.481
2.216
3.541
3.551
3.561
2.943
4.073
2.718
3.417
3.374
3.332
3.884
5.156
6.428
6.436
2.416
6.364
3.124
1.770
3.039
2.997
2.954
3.551
2.197
2.154
4.008
2.654
1.985
1.943
3.265
3.275
2.505
2.829
2.786
3.485
3.442
3.400
3.357
3.899
6.483
3.775
3.733
3.124
3.666
3.053
2.343
6.239
4.885
6.246
6.203
6.246
3.560
3.517
3.474
3.985
3.327
3.284
3.836
3.223
3.233
3.191
3.148
6.313
6.320
3.208
3.165
3.717
2.363
1.694
3.016
2.996
3.006
3.016
1.662
2.996
1.641
2.182
4.036
4.540
5.082
6.472
6.429
6.387
8.240
6.312
6.854
2.996
2.953
3.551
3.561
3.518
3.476
6.641
6.598
6.555
2.008
3.330
3.340
3.350
3.360
2.006
1.963
3.243
2.996
3.006
3.016
1.662
2.996
3.006
3.016
2.974
4.881
3.527
3.484
3.442
3.399
2.943
2.761
3.460
2.996
2.953
4.090
6.674
6.682
2.077
3.399
3.357
3.324
2.996
3.006
2.996
3.006
1.652
2.996
2.953
3.581
2.996
2.953
3.498
3.466
2.996
3.006
3.016
3.026
1.631
2.996
2.996
3.006
2.296
2.256
2.996
2.953
3.498
3.456
3.413
3.370
3.056
2.286
3.558
3.056
3.066
3.076
3.678
4.950
3.023
2.980
2.943
2.176
3.446
2.683
3.955
3.339
2.569
3.297
1.942
3.212
3.754
3.673
3.630
3.014
2.971
2.996
3.003
3.546
3.556
2.261
6.193
3.531
3.488
6.703
3.463
3.473
2.118
2.996
2.953
3.528
6.746
3.506
3.463
3.056
3.014
2.971
2.943
4.073
6.657
3.422
2.996
1.641
2.943
3.541
3.551
3.561
1.631
3.528
4.070
4.042
6.626
6.583
6.541
6.498
6.505
1.901
3.223
3.180
3.722
3.109
3.119
3.129
3.087
3.097
2.996
3.066
3.076
3.086
3.044
3.001
1.691
2.961
2.194
3.516
3.473
3.483
3.441
3.398
5.251
6.520
6.478
6.485
3.245
3.226
2.996
1.641
2.996
3.006
3.016
3.026
2.984
2.943
3.531
3.488
3.446
3.988
3.374
3.332
3.363
3.321
3.884
3.842
6.426
6.433
1.631
3.053
3.011
2.298
6.244
2.996
1.631
3.537
2.182
3.452
3.462
3.419
3.429
3.993
6.577
3.394
3.404
3.414
1.631
2.996
2.226
3.496
2.943
4.073
6.657
6.664
1.631
2.996
3.006
3.016
3.026
1.672
2.943
4.881
2.996
2.953
2.186
2.728
5.640
6.339
3.099
3.641
2.287
3.581
3.538
2.996
3.006
3.016
2.246
3.896
6.480
6.438
6.395
6.353
6.310
6.267
6.225
6.246
6.203
3.541
3.498
3.456
2.996
3.006
3.016
3.086
3.044
6.208
3.546
3.503
3.461
3.528
3.486
4.028
5.300
3.956
3.914
5.001
4.231
4.555
13.128
13.086
6.543
6.501
4.377
6.388
3.680
3.067
3.024
2.982
2.996
2.953
3.551
3.508
2.943
2.216
6.193
3.552
3.510
3.467
3.003
3.014
2.996
3.006
1.631
1.631
2.172
2.276
2.996
2.996
3.006
1.631
2.996
3.006
3.016
3.086
3.096
3.106
3.116
3.127
2.216
3.541
2.186
3.508
3.518
3.528
3.538
2.184
6.663
6.621
5.266
5.224
6.546
6.556
6.513
3.805
6.389
3.681
3.013
3.581
3.538
3.548
3.516
2.943
3.488
2.996
3.006
3.016
2.974
3.537
2.183
4.039
3.426
3.383
3.056
2.996
1.641
3.056
1.762
3.084
3.094
1.739
1.696
4.134
2.779
5.363
5.321
5.278
6.550
6.560
6.518
6.475
9.640
9.597
9.555
9.565
9.522
9.480
9.496
6.788
9.956
9.963
9.920
6.628
6.635
3.927
6.511
3.804
3.775
3.159
3.135
2.996
1.641
2.996
3.066
3.024
2.943
2.236
3.558
2.943
3.541
3.498
3.508
3.476
3.433
2.621
6.519
4.396
6.357
6.314
6.272
6.279
2.996
3.006
3.016
1.722
3.012
2.970
2.943
3.541
2.186
3.508
3.526
4.068
5.340
2.632
3.916
6.500
6.457
6.414
6.422
3.182
3.192
3.202
2.996
2.953
2.186
3.508
4.050
4.593
9.783
6.544
6.501
6.508
3.268
3.278
3.236
3.193
3.203
3.161
3.755
2.401
6.347
3.054
3.064
2.321
6.219
6.778
6.736
6.743
3.450
3.408
3.365
3.322
6.487
6.445
6.402
6.409
1.805
3.134
3.092
3.634
6.218
3.555
3.513
2.996
3.006
3.016
1.631
3.531
2.761
6.617
7.212
6.546
7.088
6.422
6.379
6.337
6.294
6.252
6.209
6.806
5.452
6.681
9.896
6.656
4.533
7.117
6.451
6.409
6.951
6.908
6.242
6.784
4.076
2.156
3.478
2.768
3.469
3.427
2.943
2.996
3.538
3.496
2.996
3.006
1.652
2.943
2.226
3.310
3.855
6.505
6.462
6.419
6.427
2.996
2.943
6.193
6.246
6.203
3.541
3.498
3.456
3.413
3.491
3.501
2.996
2.953
2.996
2.953
3.551
3.561
3.528
3.538
2.996
2.996
3.006
1.652
3.557
3.528
1.631
2.996
3.006
2.996
3.006
3.016
2.974
3.531
6.696
6.703
2.098
2.996
3.538
3.556
2.208
3.530
3.541
3.551
3.561
2.943
2.996
2.953
2.186
2.728
4.000
6.634
3.395
3.997
2.642
6.541
3.833
1.852
3.174
3.184
3.255
3.265
3.335
3.292
6.468
6.426
6.436
6.443
3.151
3.693
3.650
3.034
3.044
3.002
2.959
3.556
4.099
3.485
3.443
3.400
2.996
3.006
2.964
3.561
3.518
3.116
3.074
3.084
3.626
6.260
3.020
1.665
2.996
1.641
2.996
2.953
2.996
3.014
2.971
2.996
2.953
6.193
6.778
4.655
3.300
6.623
2.018
1.976
3.298
2.528
3.078
6.976
9.610
3.652
3.571
3.529
3.486
3.443
3.986
2.652
1.986
3.259
3.269
3.226
3.183
2.996
3.066
3.076
3.618
4.890
6.243
3.003
3.014
2.971
2.204
3.526
2.171
3.441
3.398
3.355
3.897
5.170
6.439
6.981
3.115
2.943
2.996
3.538
3.548
3.506
3.463
1.691
3.546
3.556
6.250
2.350
2.310
3.541
3.498
3.456
3.487
3.445
2.682
6.578
6.536
6.546
6.503
6.460
6.418
5.063
6.385
6.393
3.153
3.163
3.173
3.183
3.193
3.263
3.273
3.283
1.631
2.996
1.641
2.996
3.066
3.076
2.996
1.641
2.996
2.953
3.548
4.090
3.695
6.279
6.236
5.570
10.101
2.996
2.953
6.243
2.818
5.402
6.672
3.964
3.921
3.879
6.463
6.470
3.238
3.205
3.162
3.120
3.662
3.581
2.943
2.226
3.548
2.996
2.953
2.186
3.458
4.008
3.965
6.549
6.507
3.324
3.282
3.239
3.781
3.168
3.763
6.347
6.304
6.261
6.219
6.764
6.771
2.216
3.538
3.496
3.453
3.995
5.267
3.339
3.297
2.943
3.541
3.551
3.561
2.206
3.528
3.538
2.943
2.996
2.953
3.531
3.488
2.216
3.541
2.996
2.953
3.551
3.561
2.996
2.226
3.551
3.561
2.996
3.066
2.996
3.538
4.080
3.467
3.477
2.996
2.953
2.996
6.232
3.528
4.092
4.063
2.709
6.605
6.562
7.104
6.438
9.603
9.560
9.518
9.475
6.813
6.770
6.727
6.685
6.695
7.290
8.562
9.834
7.176
3.883
3.841
6.475
2.455
6.000
9.877
6.584
3.876
6.460
6.398
3.105
3.062
3.605
6.193
3.531
3.488
6.653
5.298
6.620
6.561
6.571
7.123
7.042
6.428
6.971
6.305
6.262
6.219
3.533
6.698
5.928
3.220
7.119
7.076
6.410
6.368
6.378
6.920
8.189
6.259
3.019
2.976
3.521
3.488
3.498
4.040
3.427
3.969
3.941
3.171
3.834
1.853
2.395
3.629
4.901
6.243
3.536
2.181
4.038
6.193
3.531
3.541
3.498
3.456
3.413
3.370
3.380
3.338
3.056
3.014
4.143
5.437
6.706
6.663
4.540
6.501
4.435
4.315
4.273
6.857
4.149
3.379
6.596
5.201
5.119
6.507
6.464
6.422
6.379
6.336
3.628
3.600
3.557
2.216
3.852
6.436
3.728
6.362
3.655
2.300
6.196
5.440
3.512
3.470
1.631
1.631
2.996
3.066
3.076
3.034
2.991
4.121
6.705
3.997
6.581
4.458
4.390
6.404
6.361
6.371
6.329
6.286
3.578
2.396
3.098
3.055
3.065
3.075
1.631
1.631
3.528
3.538
2.184
2.943
2.996
2.953
2.996
2.953
3.551
2.196
4.060
4.001
3.958
6.595
6.602
3.422
2.652
4.471
7.016
6.988
6.322
6.332
6.289
6.296
3.057
2.996
1.641
2.943
2.996
3.006
2.964
3.561
3.528
2.174
1.631
1.631
2.943
2.176
2.943
6.193
3.531
3.541
3.498
3.456
3.423
3.380
3.338
3.880
2.525
2.483
2.440
3.139
2.369
5.320
6.642
6.652
6.609
6.567
3.916
3.324
3.282
3.239
3.197
3.207
3.164
2.996
3.006
3.016
3.026
3.036
2.266
2.996
2.953
3.551
3.561
2.206
2.164
3.433
3.391
3.985
3.943
3.327
3.337
3.347
3.417
3.427
2.072
3.515
2.996
2.953
3.551
3.508
4.103
4.060
6.645
3.937
3.908
5.765
6.464
6.471
3.291
3.833
3.220
2.996
1.641
2.996
3.548
3.506
3.463
3.420
3.378
2.996
3.006
3.016
2.246
4.103
3.490
2.996
3.006
3.076
3.146
2.345
3.615
6.199
4.121
6.755
3.515
2.220
2.178
4.085
2.730
4.013
2.659
6.605
3.957
6.563
6.520
6.477
6.435
5.665
6.207
6.164
9.443
10.038
9.996
3.563
2.208
3.530
2.236
4.090
3.320
9.586
9.544
6.836
3.581
3.538
3.496
2.216
3.538
3.548
2.943
3.488
3.467
3.528
2.943
3.541
3.498
3.456
3.413
3.955
3.342
2.996
2.953
2.996
1.702
1.659
2.996
3.006
3.016
3.026
2.984
2.996
3.006
2.964
2.996
3.541
3.498
3.456
3.413
3.370
3.913
6.497
4.373
4.331
6.289
6.296
3.116
3.247
3.377
3.387
3.397
2.996
3.006
3.548
3.581
3.538
3.496
3.995
3.379
3.337
3.151
6.831
6.788
6.746
6.703
6.710
3.470
4.073
4.044
3.431
3.388
3.346
3.303
2.996
1.641
2.996
3.006
3.016
3.026
3.056
3.126
3.084
6.248
3.066
3.076
3.146
3.103
3.646
2.291
2.996
2.953
3.581
1.631
2.996
1.641
3.494
4.036
3.420
3.430
3.441
3.265
6.541
6.551
6.508
6.466
6.423
6.380
6.923
6.257
6.214
6.759
6.716
6.674
3.966
6.550
6.560
6.517
6.475
5.120
3.208
3.218
2.996
3.006
2.236
2.522
3.178
3.135
3.145
3.103
2.943
3.541
3.551
2.196
3.518
2.164
3.486
3.496
3.453
3.411
3.368
2.606
2.563
3.835
6.469
3.176
3.134
3.091
3.632
6.216
3.554
3.564
3.521
5.374
5.331
3.403
3.945
5.217
3.289
5.154
3.758
6.342
6.299
3.591
3.549
3.559
3.516
2.943
3.541
3.498
3.456
2.943
3.541
3.551
3.527
2.172
2.190
3.512
4.054
5.326
6.598
7.140
9.772
3.282
3.824
6.458
3.278
3.236
2.996
3.006
3.016
2.974
4.103
2.748
6.645
6.602
6.609
3.317
3.327
3.284
3.879
3.266
3.708
3.095
3.052
3.647
6.231
6.193
4.116
6.700
4.576
3.869
3.827
6.411
6.421
6.378
6.336
6.293
6.885
3.022
2.979
2.996
2.953
1.631
2.232
4.086
5.358
6.680
6.638
3.515
2.161
3.056
3.066
3.076
3.086
1.792
3.181
2.411
2.735
6.634
6.642
