3.528
8.062
12.010
20.116
29.262
33.211
36.435
42.818
47.942
53.426
57.956
63.751
66.776
72.428
80.489
84.833
89.904
94.972
102.302
106.052
110.581
115.111
120.225
127.378
129.288
134.188
138.717
143.788
147.907
154.340
159.775
164.311
168.847
174.496
178.979
183.509
188.626
194.467
198.226
203.290
208.411
212.947
218.015
222.545
228.393
234.772
237.269
242.927
248.723
255.013
258.182
264.608
267.777
271.673
277.471
283.845
288.188
293.977
297.786
304.803
308.926
314.047
317.269
323.701
329.136
334.253
339.367
343.897
348.231
354.657
359.187
366.340
368.107
372.957
378.663
384.504
391.468
393.954
400.911
404.135
408.269
405.718
408.313
406.932
406.126
406.423
408.243
406.273
410.809
406.904
407.413
405.443
407.264
411.024
406.384
407.581
406.150
410.588
406.389
413.861
413.098
415.694
412.943
408.094
407.976
407.164
412.189
409.496
407.532
404.838
407.967
412.683
410.521
407.970
408.472
409.660
409.575
407.609
410.207
407.509
409.965
407.998
406.031
407.120
409.708
404.488
404.455
408.800
406.196
404.760
407.355
404.298
408.152
407.303
404.610
406.480
408.933
405.602
410.622
409.921
409.482
411.044
412.768
410.749
409.367
411.227
411.880
411.125
407.261
407.194
409.008
407.044
407.019
408.060
410.018
407.274
404.524
406.706
406.592
407.871
407.750
408.250
410.845
410.725
409.972
408.538
406.567
409.694
407.367
406.715
405.545
403.388
409.177
406.431
407.710
402.489
404.220
403.512
401.403
403.944
405.542
400.902
402.913
401.338
402.622
402.536
403.735
402.353
398.437
398.312
400.494
401.773
400.388
397.687
401.817
401.023
400.357
402.860
405.114
401.051
404.762
405.461
407.329
400.216
406.445
403.799
401.108
403.502
401.903
404.087
403.282
405.101
403.131
405.316
407.184
404.633
402.663
405.254
401.565
407.950
406.565
411.044
406.997
407.696
408.982
407.015
413.616
406.450
409.045
409.698
407.001
407.507
406.121
409.286
409.533
403.731
403.699
407.248
408.532
403.318
404.597
405.884
407.972
404.602
402.051
407.029
402.490
405.081
405.003
404.790
407.386
399.493
402.671
404.483
403.104
402.303
401.063
403.021
399.016
402.724
399.389
397.282
400.458
397.854
399.666
401.316
401.563
402.119
400.740
401.967
405.321
402.770
403.469
402.033
401.232
400.566
403.114
400.373
401.471
402.170
398.306
401.489
403.938
402.646
400.269
402.137
399.446
402.625
400.654
401.934
401.901
401.784
400.346
402.210
399.606
406.617
404.646
400.957
400.837
405.958
400.744
403.511
404.210
404.314
408.222
404.982
405.493
405.373
406.606
403.856
402.063
406.338
406.894
404.927
402.963
403.648
404.294
401.012
408.754
402.026
406.506
406.432
405.193
405.692
408.654
402.660
403.947
402.347
406.876
407.173
403.117
406.296
408.110
401.584
404.767
403.381
409.080
408.230
409.514
406.963
405.531
407.930
405.236
406.467
406.392
407.090
404.925
404.805
403.563
404.656
402.105
403.969
402.730
406.484
404.520
404.039
401.488
403.305
401.334
404.907
403.667
401.063
402.514
403.396
405.404
409.744
406.231
402.315
405.487
404.094
404.023
402.589
405.551
402.082
403.949
403.835
408.275
404.272
405.556
406.216
406.876
406.082
406.588
405.737
410.637
409.254
409.228
411.424
408.510
409.593
414.399
415.490
412.161
412.622
414.436
416.447
413.706
408.492
411.989
414.029
411.425
411.298
410.107
411.927
412.438
412.406
411.704
419.478
415.614
414.906
413.667
412.911
412.837
411.454
413.325
411.354
415.698
411.055
416.865
415.290
412.738
415.191
412.587
412.555
413.212
413.768
413.559
409.696
410.925
410.798
410.589
412.404
409.853
408.614
410.124
411.403
410.018
406.735
406.083
407.756
406.517
407.803
409.082
407.647
405.683
408.278
405.806
403.838
409.487
404.216
408.076
404.387
403.593
406.769
406.741
406.032
405.965
409.771
408.385
405.834
403.863
405.728
403.757
402.321
407.806
400.693
405.140
403.348
405.852
405.852
403.301
409.874
404.556
405.021
403.004
406.131
410.251
403.725
403.660
401.694
406.223
404.838
401.873
402.773
403.054
397.827
395.859
399.629
404.158
399.473
402.071
399.330
399.828
399.713
396.967
402.765
402.106
398.679
398.020
402.294
399.967
399.204
399.133
405.471
400.688
397.405
401.119
401.678
401.613
402.899
404.549
404.524
404.939
405.346
401.483
402.132
402.652
400.101
401.380
401.894
402.816
401.437
399.999
401.278
399.896
401.123
399.153
400.439
401.725
404.545
398.544
399.190
404.988
403.609
412.663
403.458
404.744
404.314
401.762
403.049
404.328
405.608
399.666
408.194
403.697
404.343
405.940
403.190
407.630
406.562
407.482
406.050
404.660
400.797
404.881
402.183
403.956
403.340
402.325
404.143
403.530
403.459
404.555
406.342
404.371
404.345
402.913
402.799
404.085
403.967
405.838
403.872
405.151
405.070
404.950
404.298
404.804
403.999
409.059
412.606
405.717
406.178
407.411
407.929
407.894
410.056
407.900
408.452
411.579
409.028
410.308
413.662
414.361
407.828
411.375
410.310
408.346
407.551
406.117
406.082
407.364
408.609
409.118
410.936
409.403
406.799
408.769
408.380
405.097
412.058
410.092
405.408
406.494
409.994
409.199
405.336
407.884
406.498
406.472
410.192
408.226
408.785
409.294
406.743
410.653
410.264
408.878
407.639
405.844
406.543
405.159
404.358
410.061
407.457
403.541
404.009
409.850
406.522
403.239
403.118
401.154
406.801
408.811
404.860
404.059
402.666
402.773
407.984
407.500
403.637
404.825
405.696
404.316
406.133
407.951
405.533
407.718
408.638
406.671
406.020
405.214
406.262
403.711
404.410
407.592
404.892
405.447
407.226
403.941
405.221
401.938
408.364
405.047
407.089
404.485
406.356
407.055
405.091
408.638
405.303
407.124
408.410
408.384
408.633
405.167
408.916
404.958
406.969
404.278
404.616
407.798
405.107
405.761
404.955
405.254
403.291
409.139
406.183
405.794
407.080
405.645
404.262
402.298
406.063
402.147
399.235
402.956
400.404
401.691
401.474
402.120
403.934
402.501
403.781
403.710
400.968
403.367
403.339
402.687
405.285
402.587
401.201
401.169
403.710
403.058
402.795
404.806
402.062
403.348
401.915
403.195
401.034
403.626
405.276
406.562
406.290
404.859
402.895
405.350
402.746
402.718
403.238
402.805
403.504
401.487
403.297
402.496
401.830
401.128
402.408
402.776
404.060
400.781
403.327
399.463
402.786
400.042
401.711
402.938
410.091
405.988
402.652
401.587
401.555
400.756
400.632
401.866
403.683
401.719
404.164
401.417
409.252
403.928
404.391
401.840
400.990
402.270
400.836
402.123
406.981
402.976
403.674
402.292
400.329
403.505
400.804
400.010
399.931
406.902
400.954
403.545
401.383
403.344
400.793
402.955
404.049
401.498
404.460
402.076
408.459
410.277
410.780
410.300
403.719
403.067
408.127
407.273
403.991
406.539
405.887
403.192
404.475
403.627
404.186
403.531
403.457
406.815
407.514
409.382
412.416
405.247
404.592
406.457
403.905
407.666
403.750
405.036
405.697
403.629
402.196
407.443
404.891
410.152
406.871
404.904
404.833
402.139
407.254
404.702
402.738
407.272
402.051
406.856
401.541
400.529
404.246
400.383
403.566
401.602
402.888
400.924
399.324
401.140
399.708
401.581
403.450
407.357
400.689
401.387
402.582
403.001
401.035
401.733
400.348
402.796
400.826
401.337
399.359
400.645
403.778
400.502
402.107
399.366
403.174
403.057
400.944
399.705
402.108
400.091
403.275
406.492
404.472
401.683
401.069
400.948
401.507
406.530
406.265
402.349
406.114
405.448
403.484
402.052
405.549
402.858
405.043
404.923
406.064
406.800
408.084
409.317
405.454
403.483
404.720
406.527
406.826
409.275
406.724
406.111
405.265
412.337
412.166
412.812
409.529
412.656
414.306
409.092
407.302
410.852
410.200
411.296
408.546
409.206
409.755
409.727
410.244
406.962
408.245
411.745
410.365
411.652
408.960
409.210
411.028
412.312
408.267
412.751
410.603
410.518
409.664
410.943
411.551
407.545
409.776
408.761
410.625
408.021
415.174
414.783
412.816
412.556
405.971
408.517
405.965
405.121
407.758
407.693
405.531
404.823
405.329
404.991
405.543
404.117
407.837
405.821
407.471
404.727
404.603
407.198
405.035
408.208
404.929
407.385
404.833
402.282
402.782
401.930
405.691
403.140
403.839
399.976
403.154
401.191
403.646
401.537
399.520
402.793
402.715
400.017
403.147
402.859
400.753
398.201
401.335
403.195
405.013
403.411
402.025
401.007
402.874
406.057
408.510
406.491
403.162
404.448
402.848
404.662
407.304
402.668
401.856
403.053
403.926
403.125
403.824
403.756
399.162
404.192
404.110
403.259
404.486
402.515
399.240
405.625
403.661
402.285
405.642
406.340
408.792
408.305
406.919
404.896
406.760
407.409
408.692
412.189
409.448
404.758
404.726
403.299
405.123
406.218
408.030
406.011
409.138
410.284
405.605
408.197
406.767
405.025
406.889
404.919
409.452
404.236
410.577
407.729
407.610
407.584
407.469
409.337
408.683
407.668
412.056
407.567
409.970
406.641
407.514
406.501
408.372
412.090
410.119
409.268
412.398
409.484
410.767
408.797
410.661
408.642
407.649
410.972
411.618
410.192
412.008
411.521
408.970
406.999
410.710
409.904
413.138
408.358
410.176
411.990
407.302
407.854
408.904
410.187
408.216
410.663
408.692
407.310
408.006
405.455
408.638
407.255
407.764
406.384
406.888
407.185
403.902
407.613
405.594
407.458
408.738
406.771
405.389
407.039
406.388
404.953
405.459
404.080
405.898
407.140
405.793
404.361
405.060
404.408
406.711
407.357
413.152
407.385
402.171
405.882
403.916
404.614
402.644
404.458
403.608
401.057
402.336
400.898
404.074
400.739
402.022
402.676
400.604
403.737
400.454
403.634
400.891
407.319
400.794
400.718
401.277
400.625
400.964
401.477
398.727
403.263
403.142
403.018
400.641
407.603
401.022
402.892
400.341
401.621
399.294
403.782
400.313
402.177
404.769
403.383
400.685
402.646
399.370
402.863
407.977
403.877
401.907
399.356
400.642
404.797
402.246
405.569
400.976
401.576
403.811
403.052
404.338
403.541
404.820
402.269
404.674
402.704
401.318
402.597
401.163
401.134
399.484
403.251
404.294
403.628
402.613
403.756
402.517
402.998
402.201
402.172
404.094
404.508
403.072
405.083
401.754
403.041
400.129
404.424
402.986
404.272
405.551
405.121
403.154
404.973
403.009
404.826
402.859
406.477
405.811
404.572
404.452
404.959
409.495
410.006
404.590
408.539
403.265
401.884
404.422
401.676
404.075
404.773
403.340
404.626
402.656
404.524
405.076
405.540
403.523
402.137
403.949
405.178
406.419
402.413
407.218
403.215
401.779
403.065
406.248
402.920
401.530
407.015
406.892
404.198
401.647
405.408
409.164
409.769
403.101
404.380
402.360
400.389
400.356
400.292
400.266
401.100
402.919
406.143
402.772
400.801
404.569
401.965
408.338
404.335
409.449
407.479
402.843
406.386
404.006
405.285
403.899
401.936
404.341
407.517
404.235
405.885
403.914
402.533
403.816
404.515
406.960
401.158
402.973
399.641
398.939
400.226
399.567
400.076
398.105
399.385
398.008
402.672
400.068
404.150
401.494
400.065
404.444
402.287
404.883
404.816
403.338
404.222
406.817
404.074
403.223
403.141
402.439
405.616
406.122
408.941
407.702
404.958
408.134
405.807
408.405
406.976
404.599
405.885
404.093
407.860
405.309
407.544
405.523
408.115
404.105
407.284
408.567
406.604
407.887
412.189
410.796
410.467
407.808
408.635
408.603
411.697
410.356
412.591
410.621
410.358
409.692
410.350
408.383
409.306
408.876
406.324
408.140
407.072
406.459
411.443
405.488
407.300
405.700
406.979
405.015
407.253
405.282
404.848
406.709
407.213
405.192
410.215
404.987
406.228
406.728
404.757
404.728
403.934
402.502
405.100
404.253
404.757
403.518
404.801
401.525
405.738
405.083
406.366
405.127
405.046
403.075
404.673
403.605
403.579
402.514
401.138
404.264
402.300
406.020
408.828
405.514
404.128
404.827
401.548
405.045
403.081
402.289
402.257
402.718
405.263
401.935
405.108
401.686
404.812
403.422
405.871
403.902
405.135
404.876
408.824
406.854
404.890
403.511
400.813
405.619
401.559
404.685
404.034
407.164
401.846
410.350
407.746
406.360
405.121
405.406
408.627
409.095
410.374
408.993
411.986
407.393
403.530
406.705
406.638
407.144
404.767
406.637
406.210
404.196
407.381
408.667
407.816
405.265
407.086
405.294
407.108
409.656
408.273
410.133
407.582
406.153
409.871
407.900
407.234
406.530
407.816
406.216
403.525
406.558
405.269
407.454
407.024
408.839
406.235
406.889
410.334
405.698
407.709
404.381
408.141
412.625
409.884
412.437
406.535
406.782
409.227
405.941
407.804
407.683
406.247
408.845
409.404
407.440
404.164
407.664
404.752
406.521
405.761
405.105
406.385
406.311
406.232
407.417
406.661
408.311
404.409
407.763
407.731
406.342
404.960
406.045
408.005
408.931
405.564
407.432
410.030
407.653
405.686
408.449
408.522
408.351
409.050
408.391
406.962
405.388
404.722
407.316
406.301
408.121
407.056
405.624
409.388
405.913
407.828
407.439
409.310
407.732
405.128
406.316
407.407
406.698
406.613
408.848
408.189
408.698
408.666
409.911
405.857
408.993
405.714
406.014
409.197
407.180
408.996
404.940
408.075
414.194
406.161
408.569
409.128
409.008
406.845
409.390
407.420
408.646
407.213
409.669
408.430
412.287
407.865
409.151
407.188
409.006
407.570
414.587
408.954
411.359
411.824
408.496
409.054
408.353
406.189
408.377
410.930
410.177
408.748
411.972
411.848
409.432
411.870
411.801
412.633
409.882
410.966
412.351
411.593
411.887
412.760
411.331
411.203
410.397
414.885
412.144
410.180
410.732
408.768
408.697
409.784
412.341
411.949
412.508
413.168
410.424
415.495
410.863
407.250
408.448
405.341
408.467
407.812
407.780
409.601
404.922
405.421
405.210
405.136
406.370
404.988
408.895
404.890
404.034
404.733
402.577
406.484
404.157
407.283
404.539
404.863
404.782
408.647
404.630
407.765
409.636
404.733
403.298
403.272
404.517
403.708
404.226
404.924
402.958
400.991
405.527
400.307
401.593
400.934
400.530
401.813
397.950
398.598
397.797
399.612
397.595
400.143
404.679
403.250
403.752
408.557
405.863
403.750
401.199
404.328
408.036
404.347
407.530
406.140
403.589
402.153
403.964
407.732
404.817
402.847
404.497
402.530
403.453
402.745
401.677
406.798
405.416
403.449
401.483
404.074
400.746
399.360
400.589
398.989
402.120
399.792
401.657
400.221
401.504
403.322
400.998
405.298
406.574
405.189
409.137
409.696
410.720
408.022
411.009
403.896
403.776
405.055
404.040
405.690
404.672
405.010
405.260
406.543
403.793
405.026
406.219
406.002
404.605
403.166
407.027
404.649
405.933
403.962
407.145
404.768
406.589
405.203
407.749
404.103
404.564
404.535
410.723
406.808
411.337
406.697
407.977
408.675
406.709
405.323
410.396
405.749
407.035
405.064
405.575
406.127
404.157
410.954
404.739
406.921
406.073
407.352
406.694
405.318
410.803
405.582
408.765
407.697
408.570
407.184
404.633
406.283
407.469
409.963
406.061
406.567
405.712
407.723
404.979
408.162
404.687
407.866
407.214
407.763
407.111
404.368
406.236
402.953
406.086
407.902
405.885
407.171
409.039
408.385
406.219
408.672
406.121
402.205
404.600
405.248
405.908
401.901
403.725
405.910
406.159
406.089
405.280
404.427
404.352
408.436
406.644
407.873
405.129
405.372
407.773
406.338
403.592
406.183
411.791
406.613
409.789
406.824
403.546
406.725
404.761
406.044
409.006
407.577
406.367
403.816
406.264
406.179
406.105
410.009
404.691
407.817
405.853
407.140
409.699
407.221
406.151
411.961
411.198
409.813
410.098
413.595
415.409
414.030
415.901
410.100
408.660
411.479
408.144
410.539
411.050
408.496
409.775
408.390
407.004
411.639
409.841
407.874
406.754
409.159
409.406
411.277
407.942
409.228
411.102
412.156
404.991
408.758
406.008
408.549
407.170
409.034
407.011
408.297
406.333
408.735
411.185
410.526
410.441
409.429
410.302
413.393
409.754
411.040
410.196
408.956
405.483
409.250
411.116
408.564
407.179
408.465
407.668
409.483
409.361
409.330
406.586
411.668
408.337
409.474
412.069
408.738
409.922
411.016
412.889
410.153
410.702
408.738
406.042
406.503
407.730
412.266
407.580
408.859
407.480
408.760
406.062
408.657
405.375
403.998
407.762
408.461
405.178
405.064
406.343
405.278
413.020
409.236
409.308
406.561
404.590
404.514
404.074
403.953
406.770
406.112
407.202
409.017
407.000
406.735
407.434
405.467
405.439
407.212
407.677
405.749
403.778
405.599
406.878
403.600
405.377
405.880
403.329
402.533
405.131
402.754
404.034
402.648
403.347
406.477
403.048
402.339
404.739
403.674
405.491
409.401
406.347
407.045
405.032
405.275
406.512
409.648
408.841
412.164
408.745
406.779
407.072
407.995
405.611
411.808
411.142
409.763
407.212
404.300
409.190
407.808
408.507
405.903
408.448
410.129
406.798
406.090
406.642
405.933
407.804
406.375
409.136
407.170
412.923
407.192
410.327
412.189
412.650
411.218
408.891
410.761
414.710
414.640
411.897
410.461
411.017
410.365
407.089
411.534
408.840
410.661
409.282
406.731
408.546
406.440
403.838
408.134
409.414
407.982
404.118
407.297
405.327
403.727
403.075
406.884
406.817
402.176
405.219
405.827
409.635
410.922
410.857
404.863
403.427
405.662
407.474
405.874
408.269
406.246
408.796
405.366
404.882
408.014
405.897
404.658
409.722
403.196
404.031
406.041
404.249
404.948
402.977
404.114
406.125
406.047
403.303
403.862
402.423
406.330
403.582
405.453
402.174
405.724
405.065
406.734
406.653
405.951
404.351
407.613
406.323
410.178
407.484
407.984
405.237
408.734
407.715
408.859
408.150
406.498
409.630
405.618
408.804
406.840
408.654
407.268
408.352
410.313
410.386
406.383
403.471
406.437
407.136
407.642
404.321
405.600
405.527
409.239
404.061
405.925
410.413
407.128
407.047
404.940
404.817
404.203
410.586
405.370
403.406
407.708
404.958
406.916
404.219
405.869
405.841
402.522
403.808
402.422
406.952
404.401
397.868
401.638
402.868
402.797
400.470
401.753
404.344
398.988
399.687
399.259
401.519
402.177
401.511
402.210
404.030
403.998
400.627
400.367
401.650
402.880
402.400
398.536
407.769
399.915
403.414
402.713
404.363
403.566
404.265
406.714
402.795
402.093
405.718
403.752
404.400
401.069
401.768
401.653
402.937
403.806
407.303
402.987
404.852
403.612
403.969
401.368
409.105
406.364
404.400
405.679
404.250
407.433
404.102
403.450
404.320
406.769
406.789
407.196
403.333
403.216
407.164
407.138
402.455
402.338
404.523
402.923
405.372
403.356
405.172
404.520
405.029
403.063
407.592
399.706
402.252
400.089
401.372
402.652
403.885
404.444
400.485
398.522
403.588
407.159
404.608
400.692
399.848
398.559
399.061
398.946
396.976
402.201
401.448
399.484
401.134
399.168
398.951
399.647
399.566
401.712
402.219
399.521
400.807
402.732
402.511
405.060
399.846
404.914
402.950
400.986
404.162
400.827
402.106
398.831
402.601
403.157
399.198
399.897
396.985
400.121
399.106
400.385
402.249
399.556
398.851
402.562
403.793
400.464
401.020
404.146
401.595
403.567
406.701
407.696
407.626
404.300
405.220
403.256
403.223
403.684
407.987
405.383
402.686
402.660
405.062
408.922
411.694
406.278
404.308
405.401
404.693
407.088
405.121
404.637
404.604
404.901
406.131
406.054
405.248
408.434
410.829
406.965
407.476
411.189
411.885
409.191
410.474
408.510
406.540
408.190
404.914
408.411
408.970
411.331
412.028
410.008
409.155
409.654
410.353
408.389
407.540
408.820
407.434
405.272
405.921
405.219
403.619
405.804
404.204
406.025
405.993
405.925
403.959
407.577
406.288
401.110
405.192
402.640
404.612
406.914
403.051
401.615
401.544
403.726
402.343
405.305
406.399
403.075
403.581
404.808
402.060
404.241
402.862
407.300
406.496
403.161
405.759
406.318
406.197
405.352
405.274
403.888
405.171
410.602
404.604
407.790
406.989
403.710
406.306
407.498
407.102
408.962
409.035
412.260
407.624
405.073
408.256
405.560
404.125
406.888
408.752
405.840
410.509
414.458
408.461
407.172
408.455
405.177
404.382
406.785
408.746
407.360
406.345
407.631
407.564
406.546
411.073
406.438
410.782
404.249
406.437
407.264
406.025
411.460
410.024
407.865
405.899
406.597
406.530
407.667
407.001
406.887
406.773
407.332
407.845
407.187
405.209
405.094
406.374
406.086
409.076
411.034
406.307
408.816
409.957
407.844
409.123
405.841
404.405
406.948
406.831
406.075
409.568
410.851
407.569
409.196
407.177
406.564
407.080
408.896
408.040
404.709
408.619
410.481
408.154
408.125
407.277
407.160
409.558
407.538
407.328
408.027
406.008
409.576
405.713
406.362
409.492
407.525
409.346
412.914
407.113
408.498
406.962
411.496
413.264
410.207
406.344
410.204
407.460
407.393
408.676
405.931
407.350
408.629
409.328
413.232
409.005
411.240
405.439
407.309
405.874
404.440
405.727
409.349
406.798
406.132
404.842
402.677
405.218
407.089
405.657
406.753
407.841
405.237
402.686
403.965
402.001
404.403
402.974
404.260
410.101
407.408
405.444
407.265
405.294
405.078
402.526
399.975
402.210
404.395
402.428
403.086
404.227
405.460
402.712
403.217
402.155
402.031
400.648
404.993
401.077
397.795
404.226
405.876
405.222
400.365
402.771
404.598
403.204
403.862
403.687
403.399
407.928
409.749
405.120
408.101
408.020
404.061
404.033
402.019
409.039
410.272
405.059
404.257
407.385
404.056
402.675
405.124
409.758
406.651
408.109
406.142
406.841
410.744
409.991
409.703
408.179
406.208
407.488
404.937
406.216
402.884
402.670
405.215
402.469
406.553
405.752
407.710
411.464
407.555
404.811
405.510
402.227
405.992
404.924
402.373
402.873
404.736
404.077
402.113
400.723
400.645
400.942
402.221
402.725
405.901
407.180
402.498
404.692
401.452
401.922
401.309
402.504
406.624
402.580
403.863
402.475
405.969
401.916
401.846
403.132
400.430
403.022
402.762
404.623
402.657
405.826
406.290
406.989
405.920
404.482
402.882
403.970
404.043
401.302
405.838
407.488
403.950
405.457
402.126
406.208
404.779
404.750
404.629
406.942
409.487
405.572
409.425
407.048
408.327
406.948
405.879
409.426
408.037
409.856
405.212
408.395
406.431
406.990
406.334
406.834
407.131
405.114
408.732
408.066
408.713
405.125
402.748
406.468
405.029
406.173
408.134
406.170
408.038
405.876
407.887
406.872
406.748
407.254
409.055
406.314
408.185
408.845
409.259
405.927
409.104
407.864
408.150
407.491
406.113
404.096
409.312
403.219
411.499
412.330
411.315
408.040
408.524
409.803
407.055
410.238
408.274
406.304
407.587
406.201
406.900
409.492
406.750
404.059
405.878
409.004
408.971
411.519
407.468
404.137
406.148
410.589
403.699
407.974
404.334
406.783
408.063
406.096
405.756
407.620
404.879
406.162
404.776
401.494
405.768
403.611
407.515
407.484
407.993
407.201
405.184
406.325
406.035
405.965
406.838
404.874
402.910
404.728
403.342
401.742
399.997
402.593
406.308
401.664
400.820
402.056
405.556
404.751
404.137
405.325
409.038
403.132
405.674
404.239
405.519
406.805
405.733
407.019
412.627
407.980
406.016
405.750
406.396
404.425
406.293
408.110
406.676
405.663
404.063
406.294
403.018
404.832
408.546
406.579
406.652
406.263
404.299
405.949
404.884
406.698
404.728
404.695
405.153
403.715
406.313
403.936
405.797
407.084
405.113
404.319
403.705
404.896
400.836
404.597
403.211
403.910
402.524
408.171
407.505
405.229
402.538
404.188
403.919
406.510
403.182
405.780
407.289
405.850
403.299
408.366
409.020
404.656
403.587
405.824
408.320
406.255
404.822
406.646
408.418
408.973
407.009
408.874
406.910
407.409
409.816
410.900
407.569
406.864
407.416
409.962
411.245
406.025
407.841
405.464
412.264
406.907
410.036
408.070
409.213
408.509
409.742
407.582
409.981
413.884
411.915
412.785
414.602
409.388
413.662
409.659
414.773
412.075
406.809
409.350
406.655
407.125
411.659
409.108
407.137
411.625
404.369
404.291
404.174
405.985
403.235
406.368
406.197
404.231
404.879
403.279
404.559
401.283
404.459
407.492
403.576
406.708
401.345
402.575
403.040
402.374
405.500
403.481
403.416
405.025
404.321
404.827
401.545
407.927
404.554
407.181
407.152
405.863
403.312
404.598
402.627
400.663
401.947
401.295
403.697
406.150
406.849
404.297
403.639
400.310
402.172
403.458
402.803
406.560
401.346
402.996
402.195
402.121
401.315
404.448
403.789
404.296
406.894
400.169
403.295
403.269
406.762
407.229
408.509
404.187
410.257
407.292
410.649
408.098
409.384
404.744
406.024
403.472
401.459
400.080
401.901
405.086
403.116
404.980
403.741
410.121
406.482
405.096
403.710
404.409
401.858
404.453
401.705
400.326
402.337
406.086
403.390
407.521
398.541
399.420
401.605
398.329
403.352
403.267
401.296
400.449
402.261
399.709
404.208
402.769
402.741
401.894
402.446
399.844
401.033
401.541
399.578
400.864
397.588
398.051
394.776
398.536
396.566
398.383
402.919
400.168
400.778
398.617
396.646
397.930
399.580
398.151
401.283
398.904
398.109
398.805
401.397
403.579
402.371
399.817
401.688
398.406
401.584
400.971
402.219
398.796
396.782
405.501
407.317
405.350
403.380
407.326
405.897
406.417
402.405
408.833
408.546
406.386
407.984
404.667
407.446
408.725
403.511
403.483
404.680
405.626
406.857
404.836
407.384
406.730
407.821
405.800
403.059
411.121
409.427
408.624
409.707
413.526
411.408
408.717
408.065
410.657
407.906
415.504
410.861
411.774
411.069
412.883
411.644
410.978
409.008
410.294
408.694
407.094
408.377
406.271
412.844
413.347
411.918
411.113
408.509
408.079
407.465
406.763
407.222
406.462
406.345
404.959
408.176
406.485
407.576
406.190
411.435
408.103
409.383
409.302
409.374
406.633
408.283
410.687
409.344
407.321
405.357
407.178
405.207
409.695
406.414
403.673
401.702
402.258
409.317
405.700
402.365
405.495
404.837
407.421
409.656
407.499
407.746
405.195
403.818
406.220
406.092
408.491
405.210
407.031
405.067
407.512
408.068
410.609
405.393
408.558
403.294
405.481
405.414
403.448
405.316
405.815
406.276
404.889
408.056
404.742
409.271
411.101
407.088
403.225
404.330
405.610
406.840
402.977
406.745
403.833
406.756
408.447
405.164
404.316
407.488
408.141
409.324
406.544
406.511
409.059
407.096
408.382
403.168
403.142
402.880
404.840
401.564
403.749
407.464
401.663
403.534
401.567
401.489
404.670
403.288
404.519
402.553
406.827
403.404
401.804
403.455
401.488
403.670
405.320
403.354
405.214
403.975
401.598
403.418
404.078
403.901
401.154
399.915
405.032
403.061
401.097
400.810
402.992
399.567
400.227
400.730
403.328
401.757
405.660
402.379
402.890
400.193
400.697
400.668
399.282
401.094
401.555
405.460
401.233
401.207
401.136
402.950
402.298
404.163
401.052
404.224
402.838
403.537
401.570
402.122
407.003
403.087
401.797
407.020
402.600
405.777
402.448
403.732
402.346
404.356
405.491
402.155
402.766
404.223
401.672
406.208
404.772
403.393
404.626
401.715
406.199
403.452
400.706
404.980
403.554
404.840
403.461
408.525
403.311
401.926
404.375
405.073
403.691
406.815
408.680
406.565
408.433
408.850
407.311
404.033
405.262
405.723
406.747
406.576
404.025
405.675
404.660
407.836
408.920
412.190
400.044
401.241
403.647
399.591
403.444
400.701
402.565
405.691
402.362
406.636
401.685
401.564
404.740
400.097
403.283
401.319
402.605
403.891
402.458
401.806
402.676
401.300
403.123
402.507
402.390
404.614
400.510
403.051
405.498
405.465
401.364
407.159
401.946
401.465
401.439
407.189
400.464
402.333
403.031
403.689
400.998
399.568
401.022
403.421
401.821
403.681
404.961
403.721
401.558
406.088
404.069
405.355
403.384
403.352
402.506
408.931
405.648
406.118
404.733
405.429
402.685
406.451
407.689
402.511
404.746
405.834
404.545
405.244
405.174
405.678
404.438
404.220
405.415
401.138
404.264
405.548
404.479
401.200
405.548
403.578
399.715
400.948
401.462
400.807
405.512
400.876
401.522
404.560
400.697
401.300
401.736
398.989
400.268
400.820
403.362
400.614
400.499
406.926
399.032
402.215
407.437
403.018
401.054
402.338
400.959
401.657
402.157
404.702
399.486
401.300
403.898
401.157
400.505
401.599
401.566
404.705
400.642
401.929
403.212
401.242
399.275
401.143
397.812
402.690
400.086
403.711
399.795
401.756
402.681
401.616
401.549
398.805
404.608
404.439
407.423
402.152
405.374
407.972
403.122
401.158
402.444
400.478
405.591
403.430
403.310
401.340
402.990
401.019
404.923
400.777
400.800
401.299
404.482
402.379
405.509
404.706
403.320
403.053
409.477
406.926
407.222
409.623
405.757
408.355
404.302
405.407
407.856
405.836
406.535
410.296
406.380
407.660
408.358
410.168
404.952
411.186
404.604
403.896
406.131
404.164
403.453
407.805
402.627
403.913
409.392
404.171
402.792
400.775
405.270
403.196
403.806
404.729
404.441
401.700
401.667
406.740
403.461
406.644
404.538
406.402
405.789
402.415
402.386
401.735
399.768
402.164
404.710
405.209
400.527
401.814
399.843
400.395
400.278
401.557
402.018
403.687
406.269
401.055
403.820
408.166
406.730
405.344
406.043
403.341
404.625
406.394
406.900
405.467
405.393
408.564
403.155
405.703
405.944
406.500
405.432
408.558
405.864
406.364
406.247
407.533
408.721
407.342
407.898
408.818
407.432
405.468
407.703
405.739
406.292
409.204
412.380
409.045
407.609
406.230
409.451
408.704
407.944
405.974
405.948
409.861
407.897
406.956
409.498
406.215
408.077
412.563
411.671
407.611
411.745
405.160
410.955
409.355
407.392
408.675
409.777
407.027
409.618
407.648
408.568
409.221
409.044
406.492
405.107
404.493
404.422
406.289
409.270
403.469
406.431
403.690
406.143
402.277
405.776
406.993
405.607
407.419
401.291
399.325
401.923
402.793
397.943
399.814
397.263
399.123
401.134
401.014
397.375
398.658
398.398
402.294
401.229
403.050
399.726
400.235
398.269
396.669
397.955
394.672
398.429
395.094
396.377
398.570
398.343
400.941
398.978
399.488
398.872
398.214
398.720
397.865
397.832
397.763
394.480
400.909
399.480
397.516
395.552
398.005
399.869
397.899
396.879
394.909
396.188
400.624
397.199
401.732
403.012
401.045
397.714
400.844
402.855
401.112
403.658
405.700
403.734
402.442
401.686
400.673
405.797
402.430
401.775
402.281
401.440
403.304
402.065
404.834
407.088
407.591
406.883
403.552
402.113
407.136
405.117
405.038
403.074
406.207
407.665
406.236
412.038
410.503
407.910
408.833
407.401
404.660
406.310
410.798
404.893
412.277
408.369
408.245
408.077
409.360
410.059
406.521
408.976
408.164
408.414
408.385
411.334
409.356
410.548
410.522
410.407
412.221
417.030
410.726
413.317
410.620
414.380
411.095
412.909
411.530
413.541
414.733
411.629
412.188
413.467
416.639
413.214
415.806
416.312
411.135
411.020
409.050
411.641
409.264
408.415
410.013
408.994
410.862
407.531
407.464
411.948
408.669
409.542
407.578
409.228
411.099
409.135
405.853
408.090
408.023
409.309
407.345
409.159
407.721
405.757
409.525
410.801
404.223
407.356
404.605
405.891
403.921
403.843
404.344
402.911
408.029
406.065
404.101
402.722
404.540
401.989
400.018
403.515
401.941
403.752
401.786
403.019
407.461
402.144
401.078
405.567
402.816
402.696
404.931
402.765
405.306
402.755
404.041
402.071
404.253
404.360
401.808
402.147
405.332
404.849
406.522
407.907
402.004
409.658
405.462
407.280
408.566
407.185
402.176
403.460
402.801
402.094
401.338
402.618
401.232
401.199
403.745
400.228
400.874
399.495
400.194
402.008
400.044
400.018
404.153
402.182
401.388
405.865
401.181
398.488
401.623
399.659
400.164
400.625
402.446
401.794
399.047
400.334
402.202
400.235
399.385
401.784
399.230
397.260
399.120
395.257
398.756
396.010
397.935
401.685
397.776
399.642
395.582
395.882
397.168
395.201
396.851
400.075
403.208
405.806
399.088
402.850
404.718
402.114
403.037
403.641
404.200
405.850
403.886
403.860
405.057
404.940
403.453
403.325
404.605
401.860
408.602
402.070
401.949
403.763
402.969
404.780
400.917
404.770
405.017
405.576
402.835
402.809
403.274
405.285
405.784
406.343
406.962
404.841
407.294
404.600
402.049
401.932
403.211
404.445
402.065
402.315
404.910
400.904
404.622
404.334
405.204
403.048
407.856
405.106
407.287
407.213
412.325
406.110
407.251
405.280
406.566
407.034
408.852
411.398
410.229
409.577
409.502
413.222
407.683
411.986
415.697
410.469
413.010
411.581
413.816
416.051
414.030
413.909
413.065
409.736
410.240
413.366
410.814
412.098
410.662
412.524
410.557
408.590
412.395
415.742
411.783
414.375
411.681
410.291
412.302
409.560
414.005
411.678
412.769
410.603
409.219
408.510
410.378
410.451
408.381
411.503
409.539
407.568
411.955
407.416
405.446
406.007
410.312
405.680
406.379
403.828
401.276
402.556
400.585
401.871
406.405
400.404
403.639
399.440
401.088
401.055
397.009
400.863
398.746
400.560
400.531
402.501
401.738
403.388
397.388
400.935
400.852
400.735
398.035
400.436
404.738
405.977
405.221
403.250
402.238
405.371
404.356
403.916
408.215
408.861
409.514
405.506
405.473
405.356
407.174
405.533
406.810
406.639
409.548
407.442
404.748
405.397
409.885
410.758
408.067
408.727
409.229
407.790
409.076
407.495
410.041
407.490
408.769
406.218
407.504
407.380
408.250
404.968
408.097
407.296
404.744
406.028
405.961
407.826
405.499
407.734
408.932
414.004
410.686
407.936
409.020
408.362
408.333
408.987
405.658
407.529
405.558
410.467
403.886
407.016
405.045
405.017
404.308
