4.219
17.958
49.519
56.694
59.279
69.117
69.659
74.140
75.412
80.622
94.396
102.192
113.199
115.783
117.743
122.954
129.477
157.141
157.098
157.639
170.795
185.887
194.413
199.000
218.098
234.466
242.992
250.788
258.580
261.164
265.602
274.713
277.297
285.093
287.677
296.203
298.057
311.795
316.276
328.738
337.956
347.791
348.333
354.859
365.320
372.386
371.616
377.516
382.726
389.938
395.149
401.671
404.217
412.639
411.284
418.390
429.500
436.715
444.507
449.717
454.198
456.848
487.149
487.107
490.447
493.717
493.675
497.013
500.286
504.936
502.228
504.188
513.468
508.784
523.938
533.866
535.788
535.039
542.834
541.506
553.347
550.055
550.585
557.063
555.773
555.107
556.960
556.876
555.438
548.951
553.431
557.246
553.250
555.858
549.900
539.296
543.881
544.527
541.234
539.945
537.965
531.451
541.183
535.955
537.916
538.888
538.288
544.810
542.103
542.645
540.729
538.193
540.840
542.934
544.856
550.824
551.458
554.042
555.234
575.238
575.196
577.156
573.825
581.660
582.309
583.643
583.601
581.130
583.118
585.144
586.413
583.773
580.611
570.819
564.276
568.198
573.993
573.288
573.889
569.483
570.737
567.886
559.406
560.052
564.147
564.793
562.085
563.942
563.262
557.265
562.475
546.248
539.663
547.498
552.148
550.820
554.784
550.868
552.894
557.615
556.998
554.528
561.739
565.700
563.785
565.122
567.148
563.856
565.817
563.281
559.365
560.011
572.566
566.674
577.912
577.246
579.814
585.008
585.030
582.492
588.652
588.593
590.551
593.826
586.660
583.368
590.772
597.295
594.261
593.515
589.733
594.451
593.161
589.869
592.518
600.486
594.072
603.376
603.983
597.509
602.719
601.430
600.764
596.914
595.518
594.852
602.686
592.894
586.271
588.189
575.147
569.150
577.742
582.030
579.322
572.973
570.356
575.566
568.664
577.811
581.084
577.791
573.169
569.877
571.106
563.940
558.113
556.227
564.816
564.773
562.822
567.407
561.449
560.056
563.220
566.624
571.066
570.908
568.422
565.130
567.779
566.383
556.591
552.662
546.704
547.831
554.323
549.054
540.642
543.294
550.362
552.388
543.908
543.122
553.581
549.733
554.386
557.724
564.208
559.669
560.380
562.406
567.617
592.311
589.603
592.944
610.790
612.643
611.335
604.857
596.402
598.259
598.480
603.779
601.799
600.403
602.361
605.005
608.174
598.381
604.278
600.362
593.157
593.934
590.641
595.210
596.441
589.898
591.859
584.720
576.680
561.272
557.214
563.867
561.263
554.097
554.871
559.524
559.481
552.316
557.524
551.566
557.519
554.291
556.943
550.466
557.724
563.692
565.094
568.872
560.394
561.666
566.211
571.686
565.728
576.189
570.338
586.314
585.025
585.047
581.716
582.988
579.034
571.244
565.458
574.608
577.875
584.793
587.338
598.131
578.550
580.576
575.022
572.611
576.510
581.680
581.705
583.130
575.276
583.181
577.808
568.149
563.464
558.234
556.253
564.090
562.799
564.068
564.714
569.882
581.789
577.184
573.396
569.053
567.140
562.517
572.979
566.700
565.411
581.254
578.546
576.565
582.530
581.439
587.404
584.696
582.092
580.313
577.605
588.132
585.385
588.236
598.697
580.143
571.520
577.615
568.369
574.290
575.001
565.208
573.046
565.841
556.049
555.990
550.163
550.809
543.643
541.662
548.731
547.401
550.113
552.207
555.610
553.632
556.998
553.044
552.337
552.294
551.761
549.596
538.491
557.518
557.476
555.353
567.257
570.657
574.061
571.938
572.649
571.558
570.893
578.682
582.711
582.799
578.881
583.360
590.147
582.978
580.998
583.710
584.316
588.212
584.881
585.527
575.802
580.282
585.492
581.710
583.632
583.856
589.067
587.048
574.882
584.918
586.515
589.164
585.248
583.401
585.985
580.134
576.841
579.689
573.688
573.673
579.575
573.020
571.731
572.273
565.730
570.446
571.675
574.218
572.926
576.822
572.242
569.148
565.855
567.085
571.245
573.203
576.543
568.063
571.336
570.046
563.504
551.892
555.788
556.463
561.181
568.099
568.080
564.745
571.424
583.200
584.535
585.142
581.915
592.468
594.584
608.624
602.868
602.357
612.263
597.973
606.698
615.290
608.254
607.588
611.576
601.745
600.521
600.440
596.524
595.127
591.968
588.052
590.659
592.685
589.975
578.920
580.946
580.969
578.351
575.880
571.275
567.940
568.652
562.866
561.576
565.042
563.910
569.807
563.265
565.180
559.911
553.953
561.056
555.826
548.037
547.994
547.951
553.159
552.003
566.364
558.429
563.640
559.683
556.347
567.631
566.342
567.124
576.469
575.895
577.749
577.835
585.803
577.322
568.037
568.128
564.337
559.174
562.515
557.285
565.703
574.229
582.328
578.995
576.287
576.933
579.781
588.931
582.973
594.152
584.282
580.990
578.239
581.539
576.373
575.836
572.531
573.934
573.464
572.175
592.781
588.241
595.719
591.803
591.138
595.790
592.563
579.482
608.692
607.153
605.864
609.164
595.459
595.482
597.442
597.860
605.981
602.819
600.969
597.054
593.138
589.845
586.475
582.559
578.643
576.753
577.880
583.219
584.619
576.895
581.480
575.133
568.033
562.645
568.506
575.031
571.738
566.508
565.219
569.115
577.703
568.175
564.840
567.342
566.249
568.210
560.421
560.509
565.677
562.384
563.096
568.995
575.479
578.817
580.843
571.051
576.259
564.029
559.447
560.850
563.562
568.043
574.563
577.147
581.734
591.664
579.274
575.358
564.266
564.808
569.526
568.156
564.305
563.704
561.608
564.192
557.649
551.861
554.445
549.802
557.240
554.636
555.282
548.077
547.266
549.123
545.830
543.852
547.814
542.161
539.453
526.957
529.394
525.742
529.707
525.791
529.817
530.359
535.146
540.896
538.965
540.195
536.903
536.860
537.364
540.013
539.932
545.829
545.163
549.750
543.207
544.610
548.019
552.502
547.898
551.763
557.558
549.145
555.668
546.422
557.019
555.041
560.252
560.963
562.924
562.944
564.572
562.592
553.384
546.179
555.328
556.040
553.436
557.289
554.062
564.592
567.241
567.915
567.448
568.676
566.072
564.038
584.579
580.660
589.810
595.216
601.799
604.579
601.483
616.079
605.793
607.131
616.966
620.862
619.573
620.412
622.438
624.399
618.507
612.326
613.792
609.065
600.584
612.425
602.594
605.786
602.820
599.554
593.596
598.761
592.350
581.895
581.915
579.703
575.430
579.911
573.369
569.453
563.495
568.145
571.418
569.075
569.789
578.209
594.117
604.777
593.672
600.883
603.388
609.910
604.018
597.437
591.093
593.638
591.434
585.648
582.317
582.963
579.112
572.569
575.219
566.804
570.833
564.290
574.814
579.532
580.985
572.572
575.764
574.436
561.684
563.021
560.551
557.843
560.516
560.431
564.327
560.476
564.330
565.667
564.963
570.681
565.450
569.548
578.956
579.733
573.454
568.876
567.094
570.367
564.370
568.332
563.792
567.023
549.234
555.956
573.755
574.401
567.235
561.862
568.385
569.033
567.744
569.215
591.646
591.692
587.219
586.645
589.291
589.379
580.756
574.798
573.432
570.205
563.795
572.900
572.195
567.656
560.971
570.811
578.978
559.435
565.362
565.280
571.800
569.780
576.887
573.660
573.086
560.177
561.580
553.709
560.362
553.808
556.653
559.237
557.260
559.844
559.178
561.762
567.168
574.510
569.971
585.196
587.741
579.329
580.666
576.020
571.416
573.396
572.692
578.033
582.514
576.037
578.689
574.773
578.933
572.390
575.001
575.650
566.442
569.225
570.560
566.644
564.731
565.273
577.866
571.285
568.055
562.892
565.669
564.274
557.678
556.454
558.995
567.584
564.253
561.717
567.604
566.446
565.011
569.792
565.253
575.316
577.900
577.991
575.387
576.128
578.712
576.954
576.285
573.535
578.746
578.080
570.554
573.827
580.350
583.751
577.196
585.164
573.502
585.964
586.808
592.218
591.552
588.221
588.178
582.244
572.452
564.624
574.464
569.261
569.218
564.744
568.017
573.228
567.439
564.066
581.354
581.535
577.619
580.891
579.602
569.904
578.322
573.056
582.401
572.635
569.541
556.460
565.743
561.827
564.440
569.651
569.386
567.406
564.140
571.243
570.577
577.813
583.023
579.689
571.900
581.937
578.603
571.437
561.563
568.307
568.393
577.118
570.536
588.460
588.417
587.605
579.189
585.777
585.242
594.392
609.124
607.143
598.662
607.769
604.438
599.275
597.390
602.666
600.753
593.548
602.894
610.726
595.178
595.266
588.100
588.877
598.092
588.299
577.153
573.329
575.186
579.281
577.842
568.738
570.591
567.299
562.717
563.496
558.401
562.366
561.076
557.056
561.598
556.951
561.539
564.123
557.087
556.236
553.632
549.716
547.869
548.515
549.164
553.188
551.065
555.718
548.513
553.427
567.403
557.675
560.909
556.993
559.578
561.434
558.830
562.726
561.502
560.129
564.023
564.626
570.724
571.994
576.470
573.139
578.413
569.935
577.688
577.646
576.947
580.843
583.558
578.247
586.471
578.747
576.211
576.026
578.120
578.143
588.245
595.590
596.236
592.931
590.915
589.000
589.646
590.490
596.968
599.552
593.009
595.254
600.593
594.116
595.453
589.495
587.514
588.811
593.419
583.586
577.732
575.261
570.618
583.836
585.239
584.639
577.393
567.600
570.104
571.527
572.239
576.785
580.012
582.596
576.704
573.368
575.329
568.787
572.972
571.680
571.041
587.635
600.296
597.068
594.532
593.896
593.230
599.127
604.337
592.185
588.165
591.488
605.042
602.387
600.540
602.501
609.021
610.254
607.228
601.440
600.774
596.858
597.635
591.738
588.475
583.663
596.258
592.966
587.180
582.667
588.129
591.402
582.431
583.077
578.671
583.909
583.204
581.937
582.649
593.110
586.526
583.234
588.017
585.436
581.588
583.015
584.976
574.518
573.229
579.196
569.989
560.196
562.768
557.538
562.122
564.706
566.560
565.271
563.291
560.817
563.663
566.247
565.023
566.358
565.549
564.948
558.221
562.659
556.116
556.035
547.557
543.641
552.924
551.137
554.369
553.661
549.808
543.226
546.976
537.145
553.548
551.012
548.304
543.622
544.917
568.864
562.321
566.416
562.566
561.276
556.696
565.806
561.891
561.848
562.494
568.289
586.201
571.961
575.263
572.725
584.008
585.861
586.403
584.621
593.904
599.114
594.638
590.722
584.828
578.207
578.256
574.340
575.612
577.570
571.028
570.138
563.516
558.142
551.665
554.834
560.071
556.221
564.058
557.516
549.166
551.192
559.288
561.246
565.099
562.495
561.230
571.395
573.936
570.044
563.463
569.363
558.258
567.407
574.883
573.555
570.951
574.116
573.303
570.011
583.785
588.372
592.268
597.607
612.007
604.841
614.252
609.843
606.684
602.210
599.502
598.170
598.220
600.934
587.334
591.358
591.381
593.472
599.374
601.332
605.560
610.169
600.338
597.630
616.657
610.115
616.207
611.692
610.358
613.070
603.277
604.704
598.161
600.122
601.587
596.214
605.494
602.202
599.600
596.292
589.749
594.960
589.729
585.772
579.230
579.187
575.960
574.009
570.093
569.427
569.583
564.355
554.509
563.658
564.996
561.665
560.438
547.341
549.324
546.032
546.680
541.188
541.368
548.086
550.112
546.953
545.584
544.256
555.500
558.668
556.782
560.679
560.013
554.043
551.439
555.338
557.432
551.474
553.500
556.798
555.577
554.222
555.378
557.470
565.885
565.908
563.287
566.589
559.423
558.463
553.779
553.031
558.242
553.768
550.476
547.106
550.444
549.869
564.419
567.547
566.320
575.523
572.987
566.445
568.403
573.055
574.393
579.664
581.758
578.465
573.991
570.621
577.408
568.953
576.790
584.894
584.291
598.528
591.427
594.076
592.161
596.057
603.334
603.357
593.525
591.505
589.524
596.047
589.664
600.194
587.217
585.927
587.885
587.908
587.866
585.912
586.519
587.123
585.833
585.363
589.259
585.955
580.991
573.603
565.881
563.927
563.262
557.888
556.664
552.748
554.086
550.793
550.816
537.839
541.735
554.846
551.553
554.125
547.583
552.793
550.388
545.745
557.518
563.483
558.252
564.843
554.932
565.393
558.293
558.313
562.927
562.261
553.702
550.371
552.955
554.942
552.300
552.257
554.841
565.365
562.138
560.783
559.494
558.163
563.374
560.215
559.549
560.260
551.120
551.039
562.881
557.119
568.331
560.605
567.884
561.342
554.799
560.728
560.751
571.212
568.611
556.114
552.640
563.683
563.082
568.293
569.031
572.304
574.591
572.574
572.597
581.877
575.918
580.595
583.206
583.020
577.858
578.039
563.284
562.579
565.814
559.336
568.503
564.162
563.497
573.337
575.989
570.616
571.396
569.551
569.642
559.187
568.402
561.859
561.193
559.278
563.373
559.457
563.421
559.505
567.473
564.934
564.268
564.872
567.456
560.290
550.459
553.043
561.768
549.852
563.783
557.241
557.198
553.370
562.517
565.101
558.558
566.790
566.705
578.054
571.511
573.472
565.060
565.112
561.196
563.780
561.930
562.472
555.306
564.031
567.780
567.313
558.547
559.196
562.427
563.721
556.688
555.334
572.001
569.397
569.277
565.361
556.112
559.584
558.253
551.710
548.549
555.071
548.529
549.759
546.467
562.380
553.236
553.155
569.126
567.240
569.824
585.204
580.558
585.768
579.810
580.590
570.820
570.739
560.830
564.171
572.006
572.652
567.489
568.269
577.418
572.838
572.234
578.757
572.176
566.274
563.631
563.589
557.631
557.654
544.638
544.595
542.811
556.655
554.117
550.201
543.035
540.496
543.042
549.562
551.588
549.052
556.889
559.604
568.127
568.085
571.252
568.648
562.756
571.970
576.582
574.604
564.811
567.484
564.882
575.474
578.776
585.299
591.885
596.329
595.586
588.682
587.520
590.817
591.463
592.801
588.261
588.180
598.036
595.432
591.516
593.476
585.622
597.727
590.137
586.117
585.516
599.296
591.429
594.704
588.984
585.068
582.532
592.765
599.287
604.498
600.582
591.374
591.332
586.062
582.797
580.881
575.784
578.368
584.226
580.376
576.940
576.197
574.801
571.509
560.323
566.908
557.867
563.663
558.435
559.081
559.792
564.380
561.778
554.016
554.623
548.523
547.233
544.659
550.387
553.660
547.117
546.374
551.585
554.169
556.753
554.149
556.733
554.197
551.596
549.060
549.150
553.112
558.907
567.499
573.398
571.750
573.087
567.714
567.671
567.005
570.433
571.584
577.548
588.701
591.544
577.649
582.819
584.117
580.786
587.309
594.093
592.869
590.268
584.482
585.024
581.731
585.823
585.115
587.724
580.000
587.898
587.817
602.407
591.431
591.388
599.291
601.795
599.191
601.152
588.308
593.222
598.546
601.949
599.972
594.940
593.158
604.931
597.142
606.359
595.320
604.424
604.515
603.421
600.049
592.883
584.601
580.685
593.863
590.570
587.277
591.757
593.228
589.377
584.108
577.565
573.091
571.695
567.779
573.667
569.125
565.209
561.358
561.277
555.385
554.161
552.869
558.686
567.342
558.864
555.572
557.383
560.617
552.229
546.817
550.158
550.660
550.748
562.916
559.624
555.708
564.127
560.897
566.862
561.591
570.115
574.144
574.924
578.262
584.125
578.894
582.426
580.513
583.097
576.555
577.203
571.246
571.853
575.749
576.250
576.961
574.357
588.229
585.002
587.586
577.170
580.365
580.581
574.039
574.581
579.786
576.493
578.650
572.861
578.137
580.784
583.496
586.831
579.042
592.884
595.468
596.738
594.199
606.108
604.261
606.910
607.066
601.800
604.341
600.348
589.270
591.920
600.446
599.780
593.237
588.657
582.699
576.845
572.502
576.982
567.190
575.093
571.865
565.323
565.969
558.830
571.933
574.119
571.411
567.495
571.350
580.589
573.488
572.822
578.033
581.308
583.958
601.736
601.761
597.911
605.190
611.781
613.115
615.788
613.875
617.859
620.363
619.831
619.122
611.294
606.755
592.860
585.694
585.717
582.425
585.074
587.035
586.992
589.639
585.100
590.082
601.858
595.315
595.338
588.172
588.260
590.286
594.143
597.745
585.288
578.810
587.960
583.486
577.305
578.534
578.556
580.517
587.816
593.027
583.300
572.803
575.387
581.912
574.746
574.704
579.977
591.130
581.922
579.386
579.993
575.974
573.331
567.373
567.292
561.503
565.399
562.068
560.844
553.055
560.269
558.941
555.711
556.360
549.817
554.470
553.937
549.398
546.067
549.966
570.305
576.338
569.926
566.699
567.991
572.540
574.500
568.845
568.764
573.482
572.881
573.527
576.800
575.407
587.314
580.839
581.472
581.494
577.475
576.239
575.573
570.118
564.956
562.248
555.822
538.541
540.700
534.157
534.142
541.353
544.688
544.646
545.626
550.965
550.923
548.436
553.089
554.489
558.450
555.980
564.354
567.692
566.468
581.690
583.544
584.816
582.904
586.202
591.412
591.370
601.858
600.419
598.640
588.224
591.630
589.121
591.770
587.816
580.053
572.158
570.268
567.928
559.610
558.944
562.816
569.399
571.212
564.734
559.533
556.825
558.095
558.009
557.409
553.493
552.097
554.642
550.727
548.123
559.338
558.672
558.029
558.571
555.967
553.431
550.334
553.675
560.780
557.487
553.571
564.727
564.061
560.068
560.090
556.997
553.903
556.059
546.293
564.834
561.541
568.755
579.216
576.057
583.189
577.296
582.637
576.680
587.204
597.071
597.028
590.486
581.450
591.136
584.594
593.874
576.803
579.306
582.777
582.112
582.202
577.859
575.111
566.699
575.871
569.393
569.997
564.832
562.085
558.234
553.690
554.232
553.566
555.423
555.222
559.252
560.162
563.007
565.553
564.952
576.062
577.916
581.815
580.030
578.011
574.576
573.243
566.077
565.372
568.087
572.674
566.132
559.589
563.925
561.321
558.028
563.889
560.691
570.790
568.770
567.543
567.381
560.838
554.388
555.151
546.739
554.576
544.079
555.983
554.070
546.174
544.883
549.490
549.447
554.035
562.692
568.588
567.922
567.880
571.107
569.753
574.963
580.931
591.455
584.354
586.378
581.800
578.572
581.284
584.622
602.338
595.237
598.467
600.689
598.910
601.130
597.214
607.054
609.171
605.255
611.778
607.173
594.914
599.567
595.648
602.862
598.323
597.230
596.629
586.837
591.489
588.939
586.881
580.365
570.572
574.047
567.635
576.119
570.746
568.210
558.483
567.695
568.341
568.907
565.057
559.099
562.952
567.433
566.272
570.859
570.259
565.742
563.723
560.972
563.556
565.517
564.320
563.654
555.616
552.908
546.365
548.522
552.418
564.286
560.397
562.355
552.562
553.926
563.209
562.674
551.011
545.783
551.537
555.291
552.064
558.586
556.807
555.398
547.609
566.064
560.548
562.467
568.866
568.889
579.353
578.755
573.617
569.701
571.659
569.082
569.624
565.708
581.412
578.876
582.214
575.671
582.847
565.892
571.103
568.567
576.402
573.109
573.066
578.006
577.405
581.954
576.685
567.649
571.634
572.280
566.867
567.513
573.476
572.810
568.751
575.603
573.652
585.197
579.926
587.034
583.118
579.825
579.782
582.366
583.769
583.792
577.276
582.620
575.454
571.434
570.145
568.167
564.251
560.335
576.311
576.491
571.080
573.664
570.490
575.339
567.484
562.902
566.067
562.908
557.700
551.914
555.187
565.090
565.632
565.589
570.433
567.832
574.616
577.784
577.118
583.021
580.313
588.839
587.743
583.892
578.795
580.821
584.094
581.386
587.181
577.415
582.759
578.354
575.061
587.478
588.260
587.594
587.085
572.547
575.713
576.359
587.506
574.662
577.935
569.481
568.815
566.306
566.121
566.036
564.123
563.231
562.525
563.305
564.019
566.603
571.814
575.149
570.663
568.151
564.235
562.943
564.028
558.070
558.808
568.219
579.758
582.342
579.183
577.786
578.393
579.662
582.247
587.457
584.880
581.029
584.302
585.210
581.294
579.342
580.612
585.847
576.054
576.142
577.545
582.756
576.213
574.090
574.137
584.663
580.813
588.715
586.803
580.910
571.702
576.976
569.148
565.232
562.034
555.491
560.833
567.314
566.025
568.048
570.632
567.256
571.152
568.510
555.600
555.515
560.723
556.807
564.116
566.831
566.788
568.125
574.844
581.824
577.178
575.913
577.767
571.225
575.705
580.916
579.755
580.401
584.988
586.323
592.222
587.814
582.606
585.190
586.661
581.394
580.488
571.690
567.537
563.745
558.196
557.437
549.813
542.407
537.082
529.458
520.923
515.962
511.224
503.600
499.588
488.709
481.082
476.339
468.712
458.059
453.319
444.744
433.867
426.243
425.484
418.080
416.005
414.881
413.976
409.014
398.141
396.653
385.415
383.927
375.937
371.560
363.570
363.028
351.788
344.525
339.197
335.187
331.398
326.073
319.177
314.439
306.449
