2.943
4.265
5.448
6.720
15.742
19.506
21.223
23.129
24.451
25.773
24.430
26.924
28.246
29.569
30.891
30.848
33.432
34.754
36.657
40.837
42.740
42.750
47.816
47.773
48.368
49.640
53.586
52.816
54.669
56.526
59.694
59.704
62.873
62.883
66.055
67.377
67.387
71.728
74.362
75.631
75.589
76.911
79.545
80.089
80.680
85.160
85.704
87.027
88.349
88.359
92.115
94.022
95.344
95.301
97.158
99.742
101.064
102.386
102.343
105.515
108.149
109.058
111.692
110.925
114.089
113.912
115.234
116.556
119.628
120.950
120.907
123.542
125.448
125.458
129.404
128.637
130.497
134.082
135.404
137.314
137.140
137.682
141.578
143.290
144.612
145.934
147.203
148.525
149.847
152.335
154.242
155.564
155.532
156.077
157.984
161.745
162.287
164.871
166.193
167.515
168.837
169.244
171.878
171.836
173.692
175.015
178.179
179.309
181.212
182.350
183.843
185.750
185.760
188.344
189.616
192.108
192.118
196.599
197.868
198.784
203.123
204.392
205.714
206.840
209.424
210.385
213.600
214.922
216.829
216.786
219.955
221.277
224.496
224.453
225.722
228.357
229.486
229.443
233.200
233.210
235.794
237.116
235.188
239.726
237.018
238.340
236.997
239.631
239.588
240.911
238.795
237.041
235.113
236.435
236.445
233.559
239.946
240.488
239.145
233.825
237.046
235.118
235.128
231.797
229.869
233.084
229.791
230.386
232.243
228.327
231.546
233.260
228.667
229.989
229.958
229.915
231.237
229.278
227.158
229.064
227.136
228.458
226.334
230.083
224.178
228.662
221.394
224.566
225.888
229.688
228.299
225.059
229.543
228.775
229.879
230.432
230.390
232.974
234.296
232.899
229.471
233.056
232.287
232.208
233.530
236.164
232.729
237.071
239.655
236.381
239.015
236.310
236.286
239.144
242.944
239.651
240.973
240.211
240.168
239.502
239.512
237.584
241.918
239.990
241.117
237.836
238.427
238.712
238.685
240.007
242.641
243.770
239.904
241.174
239.053
240.375
237.083
237.729
238.273
241.132
241.100
241.058
239.130
240.452
240.409
241.690
241.648
239.720
241.042
239.114
239.124
242.289
241.530
242.852
240.924
242.246
238.954
238.338
239.660
239.629
237.648
238.190
240.824
240.013
236.720
238.042
239.364
238.021
239.894
234.521
237.155
233.135
236.304
234.376
236.279
236.289
236.935
235.539
235.941
238.525
238.483
235.202
235.159
238.324
236.981
233.741
236.325
237.647
237.031
238.300
236.177
238.811
234.206
237.061
236.982
234.274
236.858
238.180
235.521
236.793
241.323
240.553
239.162
242.334
244.181
245.675
240.497
241.819
239.891
239.849
238.458
243.163
245.744
245.926
244.533
248.285
246.357
247.679
246.920
248.190
248.200
248.699
250.556
250.514
248.494
249.764
250.309
252.211
250.283
253.498
250.206
250.216
251.353
245.447
249.214
244.987
248.743
249.285
245.369
243.441
244.764
244.721
244.055
244.597
247.815
245.887
244.543
242.615
243.888
240.595
242.423
240.495
241.093
244.264
246.898
244.193
242.070
241.404
244.623
238.665
239.987
234.082
234.003
234.013
237.549
239.455
236.163
240.640
237.932
236.004
237.326
232.729
232.686
234.008
236.411
236.368
234.440
235.762
235.720
236.366
236.911
235.568
237.390
239.245
239.787
241.693
239.038
234.980
235.486
235.496
239.392
239.540
242.174
240.051
232.207
234.695
226.852
229.339
227.411
226.653
228.560
226.632
222.038
219.923
222.949
219.656
219.666
222.831
224.153
220.913
221.419
224.054
222.660
225.691
219.201
221.785
225.004
224.962
226.868
225.525
217.682
221.481
216.258
217.580
215.652
216.974
220.139
219.372
219.291
221.200
222.522
219.282
219.204
220.526
221.121
221.674
222.996
224.318
224.328
226.912
226.881
228.158
230.065
231.387
233.294
232.685
234.007
235.914
237.817
237.827
235.849
235.770
236.361
235.695
233.767
235.674
233.693
234.236
238.132
239.988
235.971
237.198
237.013
236.928
238.834
238.792
239.295
238.537
239.859
237.931
235.950
238.442
236.514
239.148
234.543
234.462
234.472
237.691
234.398
237.564
236.949
239.390
239.347
239.942
240.442
235.849
239.017
235.364
235.336
237.238
239.145
237.217
238.539
235.247
232.550
235.765
232.472
229.232
233.039
236.257
232.240
232.155
235.320
231.300
234.471
233.128
231.200
233.107
231.179
232.501
231.743
234.384
234.394
233.728
235.050
236.372
238.226
237.610
239.467
237.347
239.204
235.911
238.495
239.045
239.002
238.967
236.007
236.916
239.939
239.323
237.200
238.522
238.491
235.793
239.011
240.190
239.574
239.584
242.802
240.874
242.196
242.738
243.095
240.534
243.702
242.359
243.681
241.753
239.825
236.544
237.089
236.473
237.018
238.340
236.412
238.899
239.442
238.776
235.536
234.870
236.192
237.514
236.171
230.798
232.070
230.729
232.632
232.404
234.370
233.600
229.006
233.483
230.778
232.632
233.954
232.026
235.241
236.510
237.640
232.462
233.784
234.326
235.598
235.563
234.947
236.804
232.787
235.010
238.182
236.784
238.106
236.178
238.813
238.001
237.959
235.120
235.089
235.604
237.511
236.168
237.490
239.393
242.027
237.422
242.486
241.457
243.678
245.535
244.726
244.684
241.974
245.724
245.693
245.650
246.972
241.067
243.651
244.973
238.483
242.233
243.555
238.961
241.595
235.640
235.650
237.510
240.679
237.255
234.015
235.662
234.266
234.448
234.374
234.296
236.569
233.145
235.048
231.755
235.652
236.781
236.023
234.095
231.435
234.019
235.342
232.060
231.290
233.145
229.813
229.771
229.105
227.177
229.084
230.406
227.746
226.165
229.384
226.092
227.414
227.954
228.458
229.780
229.756
226.464
227.786
229.645
232.412
232.954
229.714
230.952
232.274
232.865
230.887
234.687
231.394
234.560
233.944
231.821
233.143
231.215
233.849
234.979
234.989
232.823
232.833
236.640
239.274
236.566
236.523
238.349
238.359
238.280
239.602
237.674
237.684
237.656
234.416
236.275
238.094
238.051
241.077
242.349
245.514
245.072
242.364
243.686
245.008
243.665
244.987
244.371
244.186
242.167
242.124
242.719
243.991
243.325
242.567
239.286
239.828
237.900
239.809
238.462
235.222
234.556
237.190
238.099
240.002
235.359
235.316
238.487
240.397
241.719
239.791
241.113
243.016
242.400
237.619
240.788
238.860
240.182
240.885
236.281
241.128
239.735
240.280
242.182
241.420
236.827
231.649
234.283
234.825
232.897
232.907
234.767
238.302
236.961
238.284
235.628
235.948
227.325
229.048
229.005
227.608
227.618
227.590
228.769
231.353
230.737
227.445
230.079
230.623
231.945
225.456
226.004
227.326
228.648
225.355
229.109
230.431
231.753
225.210
229.156
228.974
230.296
231.527
231.123
231.092
229.018
227.622
227.537
228.859
230.128
235.254
232.548
233.871
233.785
234.915
230.906
230.144
228.216
229.538
229.507
229.104
232.857
229.617
233.419
232.661
235.152
233.224
229.932
231.204
233.838
235.745
233.817
230.577
228.599
230.639
230.607
229.253
232.422
233.744
232.396
232.991
233.277
236.505
231.912
233.234
231.306
229.378
227.450
227.408
230.042
232.676
229.968
232.460
220.054
223.226
224.548
222.620
220.692
222.595
222.421
223.743
225.065
226.968
224.845
227.429
225.501
226.823
226.780
226.114
229.137
228.378
226.400
222.781
221.970
223.242
225.876
223.948
222.615
227.677
228.554
231.360
228.652
228.621
229.163
224.570
222.642
222.652
225.823
226.365
223.472
225.284
221.991
223.898
221.970
222.512
223.834
225.694
227.967
230.149
231.276
227.995
228.537
225.698
227.020
226.978
230.146
228.803
230.125
226.833
226.167
227.489
230.123
225.518
227.742
230.913
232.235
233.557
234.879
233.532
231.604
232.532
232.489
233.135
231.742
230.346
232.200
231.430
231.398
228.559
231.777
231.735
228.442
232.196
227.603
230.831
227.591
227.563
229.466
225.315
224.699
222.771
224.678
222.022
223.845
225.167
227.070
229.704
225.100
228.635
229.957
228.610
230.212
229.445
232.616
228.023
226.095
227.365
229.999
227.875
230.457
230.054
229.245
227.852
231.605
232.928
229.069
227.141
229.722
227.017
230.232
232.681
233.272
238.333
235.041
234.998
236.229
234.874
234.842
234.852
234.039
235.892
238.476
239.798
241.120
242.442
244.345
242.417
242.959
242.878
245.512
244.116
245.386
248.201
243.023
244.930
244.118
245.440
243.512
241.584
242.906
244.228
245.550
242.842
242.176
240.195
240.174
242.077
242.087
242.006
244.647
244.624
243.280
241.300
239.372
236.132
238.355
242.839
240.134
240.144
242.003
241.918
241.928
238.599
241.818
242.360
240.432
242.339
242.254
238.234
242.180
243.450
242.682
242.968
241.621
242.943
246.161
244.181
241.476
240.717
241.986
241.371
241.328
243.235
245.672
242.380
243.649
243.033
246.252
243.547
245.453
248.672
242.714
245.348
242.641
241.297
241.307
240.281
239.254
239.176
240.498
241.820
239.892
238.556
238.525
240.378
238.450
238.460
240.683
240.655
238.727
240.049
240.640
241.916
241.874
243.781
241.657
238.911
233.006
235.590
234.247
235.569
236.891
239.525
232.982
233.536
234.080
233.465
230.759
232.081
234.569
233.953
231.245
225.673
225.499
226.041
225.956
227.859
225.931
229.149
225.857
224.514
227.732
227.690
227.074
228.343
226.950
228.807
226.102
228.011
227.980
227.937
226.009
224.081
224.091
227.306
226.548
227.870
229.192
226.495
227.622
226.275
227.597
228.919
230.241
228.129
223.525
225.434
224.458
227.629
225.701
227.023
225.095
227.005
228.132
230.766
233.985
229.965
232.549
229.309
232.474
233.746
235.068
236.970
235.043
233.115
235.749
236.876
236.260
237.529
239.968
236.675
237.997
233.350
231.422
231.432
231.347
231.357
234.522
232.594
233.521
234.844
233.503
235.990
235.948
239.117
235.877
237.149
237.064
237.021
238.293
240.783
241.429
243.283
242.516
242.438
241.822
238.168
243.279
244.408
242.480
242.490
242.994
245.628
245.585
248.219
244.927
244.896
244.853
247.487
242.116
243.439
242.041
242.051
245.216
245.188
245.198
241.867
243.189
241.261
243.895
244.043
246.677
243.969
243.979
245.206
243.851
242.825
244.108
245.238
245.214
245.171
247.074
246.632
249.185
245.753
245.087
245.682
245.016
243.088
243.679
247.625
244.919
243.576
242.233
243.555
245.408
240.815
243.449
239.431
243.206
241.852
241.767
239.059
242.224
240.880
242.202
244.836
240.048
236.808
235.996
239.213
237.285
238.607
235.367
235.283
236.605
237.927
239.250
238.491
238.448
234.532
235.075
234.409
236.263
239.429
240.558
237.903
233.987
236.621
234.641
236.495
238.352
235.646
236.213
234.285
235.607
234.260
234.678
234.597
235.919
232.679
235.263
234.647
234.464
232.487
235.295
237.152
237.070
238.392
235.684
238.319
239.641
235.632
235.016
234.249
236.735
237.966
238.508
238.465
237.800
235.872
233.944
235.266
235.860
238.445
241.079
238.371
240.274
235.096
237.730
237.880
239.202
237.079
240.244
234.286
232.308
236.649
237.191
233.910
230.482
232.973
232.983
233.487
231.559
229.436
232.020
230.092
226.852
230.024
228.096
230.587
224.682
227.853
230.291
224.202
225.524
226.846
226.230
226.772
224.844
226.751
226.761
226.680
223.387
225.971
223.263
227.017
228.339
226.411
225.795
225.752
222.513
225.097
223.749
219.741
219.751
221.660
221.187
219.259
222.478
221.708
221.042
222.364
223.687
223.644
226.863
228.185
230.092
228.164
229.486
224.892
222.965
224.287
224.263
225.585
228.219
225.511
227.414
228.736
229.331
230.419
228.491
229.760
228.417
229.739
227.811
230.299
230.841
230.225
229.559
229.516
228.768
230.040
230.910
232.232
230.889
228.961
230.283
231.553
232.822
230.894
229.551
231.458
232.780
234.102
232.174
226.269
230.389
229.046
225.753
228.387
226.466
230.216
230.226
229.560
230.882
232.009
231.343
228.103
230.687
232.009
230.081
230.676
232.530
236.286
233.590
232.823
237.164
232.570
231.223
230.607
230.565
232.471
229.816
232.400
230.472
229.856
229.814
229.198
231.052
231.597
228.889
230.762
233.396
230.691
229.297
230.620
231.210
232.532
232.454
235.669
231.064
235.452
238.086
238.628
241.262
237.970
234.677
235.918
235.302
234.899
234.820
236.723
239.215
237.287
232.694
230.766
230.776
231.275
232.597
232.607
230.629
236.062
234.707
238.471
240.330
241.785
238.492
241.076
241.086
245.570
242.865
245.937
245.321
242.028
240.685
242.007
241.965
236.734
238.056
239.287
239.832
241.154
239.226
240.548
239.932
241.428
242.750
239.465
240.007
241.914
241.871
243.152
243.109
241.766
237.173
237.726
234.434
235.395
236.536
236.494
239.078
239.620
242.839
240.911
239.567
238.220
239.542
234.952
236.859
236.827
235.473
233.461
234.003
236.587
235.247
233.319
235.592
234.245
235.567
236.109
240.005
235.400
237.310
240.479
235.301
233.373
235.084
234.418
234.376
236.233
234.305
233.639
235.542
236.084
239.248
236.009
238.593
240.499
239.156
237.228
237.238
236.572
239.060
239.017
239.663
236.963
240.132
237.422
240.587
241.909
240.562
241.884
239.956
241.278
239.350
239.308
242.476
243.603
244.103
241.542
239.614
240.936
239.008
240.330
237.090
240.255
242.889
242.846
240.918
242.240
237.062
232.326
234.183
234.469
235.791
239.010
239.552
236.896
235.553
235.472
235.482
239.428
236.136
236.678
237.908
236.554
240.303
237.011
239.452
236.848
236.078
239.975
240.517
232.531
233.030
234.352
231.113
232.385
238.088
239.357
235.337
237.921
235.993
237.896
234.656
239.133
237.778
238.866
234.273
237.488
234.780
232.852
232.862
234.719
233.328
232.520
235.154
233.226
234.548
235.870
232.630
235.795
237.117
239.605
238.989
238.946
237.018
238.288
236.217
237.489
238.135
236.015
237.337
235.994
235.385
236.707
238.561
235.269
231.937
233.259
233.082
233.092
236.313
234.973
233.629
233.587
236.802
234.821
232.893
234.746
236.068
233.409
237.305
231.347
233.981
234.890
236.212
234.284
236.187
237.509
235.581
233.653
234.248
231.551
230.061
231.918
235.087
232.338
230.217
233.444
234.766
232.838
231.494
232.816
230.889
230.220
233.036
234.358
232.430
234.336
233.720
234.263
233.597
230.323
231.645
228.937
232.106
233.428
229.225
229.871
229.101
228.485
229.630
227.702
223.109
223.119
226.341
224.413
227.047
228.904
228.136
229.413
230.655
229.888
233.056
231.128
233.035
236.254
232.961
229.722
233.618
230.912
232.234
233.556
236.044
234.116
236.023
225.904
225.288
227.195
226.436
225.039
222.343
223.612
226.053
226.011
224.664
224.674
225.946
228.968
228.352
228.947
231.531
231.510
229.582
230.124
232.758
231.946
233.215
233.757
233.676
228.936
228.908
230.230
232.136
230.208
226.882
228.785
230.107
226.098
228.590
226.662
222.803
223.398
225.982
224.054
226.688
226.646
228.552
227.209
227.167
229.801
229.811
231.670
234.839
237.333
235.937
235.895
232.029
233.932
237.885
237.087
238.409
236.481
234.553
234.563
231.284
233.776
235.098
230.505
233.723
227.181
229.088
227.017
229.601
230.923
232.245
230.317
231.639
232.234
237.296
228.673
232.472
233.749
236.383
232.366
234.275
236.087
237.214
232.620
233.942
232.014
233.917
231.989
236.324
228.285
226.357
227.679
227.637
232.117
228.825
228.790
230.059
229.292
227.857
225.149
225.107
226.964
224.986
229.469
226.764
227.355
234.109
230.676
233.841
236.475
231.871
234.312
237.530
235.602
238.821
234.759
235.304
233.961
237.176
233.883
237.098
238.227
238.238
234.322
234.332
234.884
236.206
238.113
234.831
234.062
233.980
235.302
236.624
233.385
236.920
234.992
236.899
236.856
238.710
238.094
240.728
238.608
238.618
235.290
237.563
239.470
239.480
237.552
237.471
235.543
238.177
235.472
236.794
236.031
234.103
233.877
235.780
230.602
231.924
233.246
234.568
231.275
229.163
230.486
228.558
228.536
228.505
230.369
225.630
228.801
226.873
231.271
228.032
227.950
229.272
224.679
227.313
224.608
225.930
228.418
225.178
229.658
226.366
224.438
224.448
223.782
222.385
224.875
226.197
230.533
223.990
226.631
224.704
226.026
225.990
227.855
223.520
226.746
226.717
227.626
227.591
226.821
228.680
229.180
230.502
229.159
230.481
231.803
229.875
227.947
230.528
231.073
232.395
231.062
235.546
236.088
235.087
235.097
235.968
237.874
239.196
240.466
241.788
241.172
236.567
238.390
235.150
235.700
238.334
238.291
239.418
239.337
240.659
240.043
237.335
235.265
232.518
233.840
233.850
237.746
239.825
239.782
240.428
237.730
237.503
238.775
240.047
243.582
241.654
242.976
241.048
242.370
238.947
234.353
234.363
236.948
235.604
234.261
235.583
236.125
237.356
234.063
234.021
232.676
237.157
237.699
240.333
237.041
237.020
235.092
232.432
236.916
237.461
239.363
238.020
236.092
239.257
239.799
237.871
240.505
236.444
234.688
234.698
235.970
235.941
235.183
233.840
232.496
231.153
229.810
226.570
225.179
225.094
225.104
224.296
227.465
228.787
230.109
231.431
230.822
231.379
233.286
234.608
231.368
235.264
232.556
230.628
231.950
231.334
231.292
228.637
226.625
227.947
230.434
227.194
227.840
228.385
229.707
231.784
234.418
233.075
229.782
231.054
234.804
231.564
233.746
235.016
235.560
232.908
235.181
238.353
235.113
236.972
240.508
242.999
245.633
246.175
244.248
246.882
242.862
242.780
241.437
243.340
241.993
243.315
241.387
239.459
242.093
242.635
242.019
241.252
243.476
244.706
240.689
243.858
245.180
244.564
243.168
244.298
244.892
245.538
242.831
243.425
243.344
241.416
241.426
245.511
241.494
245.664
248.883
245.590
239.501
240.823
232.980
233.571
231.593
236.707
234.002
236.636
234.518
235.060
237.644
235.717
237.571
239.477
237.550
238.872
236.748
235.314
233.959
233.154
238.954
236.612
237.935
231.261
233.895
231.190
228.530
231.114
232.969
231.625
230.282
231.604
232.926
230.998
229.070
230.392
229.727
230.271
231.593
227.581
227.538
226.922
228.244
229.566
227.639
228.961
231.448
230.105
232.739
231.346
230.317
229.879
228.532
229.074
231.658
228.418
231.590
230.974
231.519
233.426
234.748
231.508
234.092
237.311
229.456
233.939
231.598
234.817
231.384
234.019
235.341
237.975
235.854
236.452
240.843
234.937
237.375
235.397
242.372
239.667
242.154
240.226
232.383
232.393
235.565
238.199
235.493
236.815
233.576
232.185
236.519
239.108
238.492
240.206
238.278
236.350
237.672
238.995
237.067
239.554
231.711
232.253
230.856
232.128
235.713
237.620
234.328
233.519
236.153
234.810
234.141
232.755
235.970
233.847
229.254
227.326
229.960
232.264
236.210
232.917
232.155
230.227
225.634
226.176
228.760
231.394
232.303
229.647
232.816
230.888
232.210
231.398
230.055
227.345
230.514
228.586
228.555
228.512
229.107
227.714
227.629
227.639
228.285
228.830
230.736
233.370
233.328
231.400
230.053
232.687
233.232
231.888
231.846
229.868
233.039
234.361
231.030
230.263
234.035
232.681
234.537
234.146
232.802
234.659
237.243
239.735
236.311
234.383
234.340
235.662
238.881
236.229
236.150
239.369
238.014
237.986
239.889
235.880
232.452
230.378
232.962
234.284
236.557
234.630
235.952
234.024
236.515
228.672
228.682
232.486
234.392
229.164
231.071
229.143
224.550
225.872
228.506
225.801
224.465
224.751
222.436
222.393
224.300
221.645
222.144
222.833
223.428
227.909
227.866
224.626
225.853
224.824
224.420
228.227
229.549
224.371
225.693
227.015
228.922
227.578
228.900
226.973
228.879
225.639
223.711
227.297
230.512
227.219
228.541
229.863
231.773
229.113
232.282
233.604
233.614
232.221
234.044
234.001
237.170
235.242
235.252
237.836
232.658
233.981
233.991
237.740
237.709
238.978
238.936
237.008
238.330
240.237
238.309
239.436
238.820
241.454
238.161
234.921
234.255
233.639
230.931
232.253
233.575
236.210
236.752
236.720
237.263
235.919
238.553
239.680
238.287
240.144
236.135
234.207
236.841
232.237
236.714
232.694
234.601
236.506
240.262
238.334
238.303
239.572
239.530
237.602
236.839
238.161
239.484
236.244
234.266
236.850
234.922
236.244
238.681
235.389
238.558
235.898
235.866
237.188
237.145
239.729
242.948
239.655
237.728
237.738
240.134
236.841
234.913
234.871
237.455
236.112
237.384
234.728
234.643
233.689
236.274
233.034
234.888
238.423
237.080
237.090
239.674
242.893
240.912
234.954
236.276
234.348
235.671
237.577
239.484
237.504
239.410
237.482
233.474
234.796
236.118
234.190
230.897
230.282
233.496
234.766
235.893
232.653
233.883
235.153
233.760
234.304
232.961
232.345
230.991
232.224
232.766
232.776
229.933
232.377
231.711
229.784
231.106
229.178
230.500
235.405
235.809
235.144
236.466
231.872
234.364
235.636
233.655
233.620
232.266
232.184
234.087
235.994
235.378
236.647
236.605
237.896
238.804
236.876
238.198
239.521
234.785
238.006
237.390
234.685
236.592
238.415
238.372
235.132
235.054
233.706
236.925
228.118
230.924
230.881
230.265
230.810
232.713
234.035
230.795
232.698
232.619
235.253
232.548
231.786
231.796
234.380
231.087
231.591
232.913
231.569
228.296
226.948
229.582
229.540
230.862
227.622
231.157
226.560
227.882
227.851
227.808
225.881
229.099
228.332
232.138
230.210
231.532
229.604
231.511
231.521
229.593
233.539
229.522
228.132
233.242
233.784
235.106
234.490
235.035
237.526
238.848
235.556
236.837
236.794
238.063
241.278
237.986
236.638
237.233
238.464
238.421
241.063
238.355
237.739
241.550
240.791
242.698
239.406
241.990
243.312
243.322
242.706
239.998
239.917
242.551
241.781
244.952
246.855
242.989
239.697
241.019
239.676
239.686
242.320
245.538
241.521
244.743
242.631
236.676
239.310
236.605
237.927
236.579
239.798
236.506
237.828
237.069
237.660
237.486
236.820
236.204
234.850
235.349
237.252
237.262
237.908
238.817
238.201
235.496
236.818
234.890
237.524
235.183
238.982
238.940
237.596
238.918
237.525
234.102
232.007
231.391
231.986
235.155
236.477
231.884
230.540
231.094
232.363
229.071
227.143
230.168
231.490
232.762
230.834
232.156
229.448
230.720
235.254
234.486
233.096
236.631
234.703
236.025
234.098
234.108
237.860
239.182
237.223
239.079
237.546
235.618
236.940
235.013
236.919
236.303
237.573
234.280
235.602
236.924
231.746
234.961
234.919
232.263
236.752
236.136
236.678
238.000
236.072
237.979
233.243
237.720
234.427
237.061
237.606
238.928
237.000
233.760
236.982
238.304
236.956
235.609
238.193
238.735
234.142
234.152
235.289
236.561
234.633
235.955
236.516
234.588
237.807
237.764
234.472
234.971
233.043
231.700
233.603
235.510
234.894
234.851
234.235
231.530
232.852
230.924
230.934
235.418
232.710
234.032
234.623
230.707
233.926
230.633
232.536
233.858
235.765
235.149
235.691
231.098
229.750
231.657
232.979
229.739
229.123
230.395
231.717
229.789
232.424
231.615
227.595
230.179
232.082
235.303
232.962
235.596
234.567
235.697
233.769
233.779
235.602
232.174
235.759
233.418
234.740
232.812
236.031
235.988
233.333
232.717
234.039
237.062
235.134
234.465
236.319
236.861
234.933
236.255
233.548
236.132
237.059
238.381
239.653
237.725
240.359
236.342
239.511
241.414
244.048
244.590
244.559
245.828
241.767
241.724
241.734
241.118
241.716
242.949
240.244
239.486
238.142
236.795
236.187
234.844
232.916
233.510
236.094
236.052
235.436
236.031
234.637
235.960
240.294
242.928
239.635
237.657
238.784
237.388
239.972
241.875
243.732
240.439
239.773
237.845
239.167
237.240
239.146
238.478
239.607
242.241
233.476
233.443
234.765
234.722
236.575
236.490
237.085
235.104
238.854
236.146
234.127
232.004
231.388
228.095
229.056
232.813
232.823
234.679
240.482
237.777
239.099
236.391
239.556
236.717
235.374
232.093
229.387
230.709
233.344
231.002
229.074
230.396
227.737
227.121
229.028
230.350
228.422
225.182
228.351
228.361
228.861
230.183
225.589
226.132
226.635
225.292
226.467
227.113
223.096
226.632
227.145
228.467
230.374
228.978
228.954
228.964
228.299
227.683
229.539
230.666
228.738
227.391
226.775
226.733
228.639
231.273
229.293
229.838
231.160
227.736
229.058
230.380
227.721
227.688
229.010
230.332
229.716
231.573
230.765
230.722
232.044
233.947
231.292
234.461
231.221
235.117
231.097
234.262
234.852
237.290
235.312
239.793
238.438
242.194
237.016
238.338
240.191
240.160
236.867
237.458
240.047
241.174
232.551
229.077
232.249
230.902
233.393
234.715
229.484
231.391
232.663
232.047
232.450
233.146
233.103
235.006
236.328
234.400
234.410
233.794
233.773
235.485
233.507
234.779
235.328
236.598
239.182
239.726
238.383
237.775
236.431
234.504
236.410
239.044
235.752
237.661
231.759
230.184
230.194
231.285
232.555
230.627
229.868
229.112
230.434
233.069
231.714
236.191
237.320
235.392
234.784
236.106
237.428
235.500
238.134
235.793
235.177
237.031
236.264
236.185
238.623
235.383
233.808
233.050
229.757
231.029
234.925
234.158
234.664
235.986
228.001
228.502
229.824
229.834
229.715
228.360
232.124
228.795
230.702
227.409
229.993
231.315
232.637
234.540
235.862
233.934
233.892
234.398
234.408
237.577
239.480
236.240
236.886
237.794
240.282
238.301
237.543
238.865
235.572
238.156
234.916
238.131
232.627
232.584
236.480
233.188
230.480
231.752
233.609
236.826
238.148
237.970
234.678
234.012
234.022
236.656
237.978
239.300
240.622
237.967
240.601
238.673
232.584
233.906
231.198
234.367
235.689
230.335
230.926
233.510
231.582
230.207
232.064
233.776
230.494
231.039
226.813
227.992
231.938
229.230
230.500
231.091
234.987
230.931
231.473
229.545
230.087
235.149
237.013
230.523
232.715
233.842
231.864
235.810
236.940
236.950
234.972
233.581
233.503
235.405
236.727
233.435
236.019
233.364
237.310
237.852
238.443
237.827
237.837
241.002
242.904
240.976
240.934
240.268
241.590
240.247
241.569
238.329
238.244
237.485
239.392
237.230
236.201
237.330
238.653
239.975
231.373
230.032
232.470
233.792
231.864
232.991
228.887
229.432
226.773
230.522
225.929
224.001
221.109
219.181
220.503
219.160
218.402
216.474
220.280
216.987
218.278
218.823
216.895
218.217
214.977
218.142
218.152
218.488
217.872
220.313
220.855
222.177
220.249
222.152
220.224
221.546
222.868
224.190
221.535
225.431
225.976
227.298
225.370
227.277
226.661
228.882
226.541
229.175
228.961
231.398
228.158
232.649
231.316
235.066
236.388
235.045
236.897
238.219
240.853
236.249
239.466
240.788
240.798
239.401
241.985
241.808
237.214
239.848
240.393
237.734
242.267
239.562
236.907
241.386
238.681
237.338
237.295
240.464
238.536
239.858
237.930
239.202
240.524
239.181
238.573
239.895
239.279
238.512
237.140
238.462
239.784
239.022
235.729
238.313
239.488
238.823
236.895
238.021
233.378
236.186
234.208
237.380
236.037
236.047
229.188
231.095
229.167
231.801
228.508
228.518
230.394
231.685
229.564
230.886
232.208
230.280
230.984
232.701
232.085
232.042
230.702
233.924
231.996
230.068
231.390
232.712
227.346
227.749
225.771
226.417
226.961
228.284
228.252
228.797
230.119
228.772
231.406
231.948
231.332
232.241
231.625
232.755
234.077
227.534
231.336
231.346
233.930
232.587
233.909
235.231
236.501
237.823
239.145
237.217
235.289
235.246
235.558
236.880
238.202
239.524
238.181
239.503
234.910
236.232
237.554
235.626
227.055
229.689
231.012
229.664
232.298
232.256
234.165
233.403
234.675
235.236
231.996
233.265
231.337
234.509
232.220
236.704
233.996
234.586
233.971
235.293
233.365
234.687
236.009
234.668
235.990
236.588
236.509
239.003
237.075
238.982
233.662
233.046
233.056
236.227
233.519
232.904
232.875
235.680
232.388
232.398
236.875
237.420
237.398
237.408
237.744
238.339
237.723
239.045
241.679
240.510
243.729
243.686
238.508
238.465
241.049
242.959
243.320
244.642
242.714
242.045
239.704
241.026
239.686
239.070
240.199
240.794
240.128
242.402
240.474
240.484
240.405
243.039
240.698
241.293
241.939
239.673
243.429
241.501
242.823
242.781
244.068
242.140
240.017
242.601
242.611
243.842
244.384
239.206
240.528
237.288
239.725
242.136
243.458
240.165
244.061
241.356
243.259
244.581
242.653
245.868
241.814
237.805
237.815
241.572
235.082
236.737
235.393
233.465
234.787
237.956
233.352
238.413
235.705
233.777
235.099
234.337
235.659
236.981
234.273
238.177
238.134
240.687
241.814
238.574
237.908
239.033
240.305
238.915
243.256
241.328
238.088
241.984
239.279
240.601
239.985
238.592
239.721
240.993
239.065
236.357
240.838
236.234
240.717
241.262
244.477
237.207
239.841
241.163
241.705
241.039
242.948
238.213
238.184
239.506
241.409
242.731
241.388
238.148
240.732
242.004
236.826
239.460
240.005
240.547
239.931
244.265
240.973
242.245
239.005
240.236
240.027
240.526
241.848
236.670
236.628
239.212
240.534
233.860
235.182
233.254
231.914
235.140
233.212
234.534
233.201
231.808
230.417
232.270
235.292
234.626
232.698
234.605
230.597
227.357
230.524
233.158
235.379
239.506
236.801
238.123
240.030
239.268
237.340
234.100
237.317
235.974
237.296
235.368
236.690
236.700
236.034
234.106
232.178
234.085
232.157
233.479
234.801
236.123
235.508
232.802
234.656
232.728
231.823
235.627
233.699
233.656
236.240
234.260
232.332
233.654
230.414
232.274
232.559
233.881
233.891
234.391
235.713
232.289
233.611
235.518
233.590
231.612
229.684
231.006
227.766
230.938
229.010
229.020
228.941
229.483
232.067
230.139
230.149
233.906
233.290
234.559
231.851
234.485
231.780
233.102
235.009
231.716
234.300
232.372
233.694
232.347
230.369
226.946
228.268
229.590
231.492
229.572
231.431
226.607
228.510
225.217
227.801
225.873
226.471
227.608
228.930
230.252
225.659
226.981
223.741
229.394
230.663
227.958
229.280
229.249
225.956
225.966
229.770
227.062
231.538
232.808
229.515
228.168
228.178
230.812
231.992
228.660
224.067
225.389
226.711
228.033
226.106
225.490
228.295
225.587
228.806
225.513
225.471
228.636
231.277
233.184
231.841
226.670
229.254
230.576
232.479
233.801
231.823
229.895
231.802
233.124
234.446
233.099
233.056
235.690
236.033
236.575
231.347
236.413
237.682
238.812
236.884
234.963
238.719
236.792
238.114
236.186
238.820
235.527
231.372
233.232
231.657
234.823
234.015
234.557
235.879
233.951
235.273
238.438
236.315
231.722
234.356
231.650
230.317
233.853
230.613
229.807
232.391
231.632
231.643
236.173
232.881
232.891
236.062
234.719
233.376
233.333
237.279
234.571
231.279
234.498
232.570
230.589
231.911
229.252
233.600
236.184
234.222
235.492
236.401
235.057
235.067
235.035
235.045
234.964
237.403
240.037
236.560
236.518
236.496
239.131
239.675
239.059
239.602
237.674
238.996
237.648
238.970
237.043
238.949
237.021
232.428
235.657
238.291
235.586
234.243
234.799
234.756
235.298
234.632
235.954
234.027
235.202
233.224
235.084
235.002
233.074
236.891
231.713
233.035
235.522
229.617
229.175
231.759
233.081
232.465
233.010
231.082
231.092
232.949
231.559
231.527
232.849
232.676
232.686
230.705
232.027
232.313
234.800
236.122
234.194
237.423
239.326
236.086
239.255
238.639
238.596
239.918
238.575
238.585
238.550
237.934
239.788
241.648
239.720
241.042
239.699
241.606
239.625
240.947
238.292
237.626
238.948
240.218
238.875
235.635
240.115
243.289
241.168
241.126
243.710
242.947
244.269
242.292
244.198
242.218
240.874
242.197
238.957
241.591
237.582
238.173
236.776
236.741
236.698
239.332
237.939
240.430
236.564
236.522
235.763
234.420
235.742
233.083
232.417
234.320
235.642
228.383
226.986
228.839
226.911
228.820
230.727
233.749
233.126
232.460
233.164
235.245
231.971
231.981
235.146
224.637
225.959
228.593
226.473
227.795
229.117
228.358
230.992
232.262
228.969
230.822
228.748
231.332
228.092
229.946
234.427
231.134
232.456
229.216
232.388
230.990
232.751
236.697
234.716
235.846
237.115
237.125
237.624
238.947
237.549
240.183
238.829
240.426
240.971
240.355
240.900
239.557
239.567
243.463
242.696
243.199
244.521
241.281
239.258
241.115
242.024
243.346
243.314
243.272
241.925
244.559
244.374
245.020
245.562
244.946
246.800
247.342
248.664
247.321
245.393
243.465
244.734
246.056
245.440
245.221
243.294
244.616
242.688
244.010
243.394
242.039
245.258
238.715
241.299
239.371
241.274
241.284
245.084
244.468
245.013
240.367
239.024
238.981
238.315
239.637
241.540
242.135
240.173
240.715
243.349
240.109
240.074
238.146
240.780
238.660
239.621
240.848
243.069
243.611
245.434
242.001
244.585
245.180
244.514
245.109
245.078
246.400
243.107
245.691
242.451
244.311
245.399
246.721
244.793
247.427
248.696
244.859
242.931
244.834
242.906
240.978
241.520
240.905
242.811
235.526
236.848
238.170
238.147
238.157
238.663
238.620
239.900
241.754
239.046
237.118
236.502
237.772
235.064
232.408
234.311
232.914
232.298
234.736
236.058
233.350
235.934
234.006
235.328
233.400
233.357
235.941
232.702
232.623
233.165
231.187
232.278
232.288
234.922
236.244
234.266
232.338
233.660
234.982
231.559
232.881
232.891
236.062
232.822
236.576
233.283
235.867
236.428
235.812
236.942
235.014
238.817
234.213
239.863
239.820
241.142
237.903
239.143
240.465
236.453
239.679
237.751
233.743
234.284
236.102
236.644
234.716
235.269
232.564
231.221
231.231
233.054
231.126
229.198
230.520
233.014
235.648
232.356
230.428
232.335
231.719
232.261
233.583
235.490
235.447
234.831
236.153
234.756
236.078
234.150
232.222
234.125
230.885
234.634
234.645
236.510
236.467
233.760
235.612
234.946
236.268
233.029
236.159
232.867
237.990
234.697
236.019
234.676
233.149
233.691
234.960
238.179
236.199
235.429
239.235
241.142
239.214
234.621
231.381
234.599
233.984
235.113
237.016
233.776
231.798
234.969
236.876
233.636
232.970
234.292
236.926
234.221
235.543
233.615
236.107
234.126
237.345
234.052
235.374
238.593
236.620
234.692
234.668
234.678
235.905
236.450
235.107
236.429
233.189
232.523
233.845
231.917
229.989
233.796
233.806
235.078
237.491
236.875
233.583
234.905
234.915
238.046
239.175
237.247
239.154
235.861
237.133
238.990
239.636
237.513
237.335
235.212
237.796
236.453
231.860
233.182
229.942
231.801
234.062
234.031
233.988
230.695
233.864
227.322
229.227
227.249
229.106
232.859
230.931
227.691
232.180
232.144
232.687
229.394
233.290
230.442
233.076
234.398
233.051
232.435
232.977
232.219
229.470
229.427
230.749
229.987
228.059
228.016
231.185
233.819
231.111
230.495
231.037
227.171
227.713
228.983
230.892
233.526
234.656
232.728
235.219
236.542
233.302
236.466
233.174
234.443
236.297
237.569
239.395
240.717
239.954
241.277
233.238
236.410
237.732
235.022
239.503
236.798
238.705
235.412
238.631
234.038
232.695
233.985
234.530
231.290
234.462
235.052
236.955
236.289
234.361
238.165
238.122
240.029
238.101
238.696
236.718
240.614
237.909
239.088
239.734
233.192
234.514
231.274
234.445
237.079
237.622
235.694
238.328
235.622
239.372
236.079
238.713
232.031
236.562
237.104
235.123
237.757
238.887
238.897
238.231
236.888
239.522
234.917
238.135
236.787
238.110
240.016
242.650
239.945
241.072
244.291
241.051
241.697
243.551
242.155
240.801
242.710
242.631
244.871
244.828
242.900
242.911
244.770
244.691
243.348
242.537
241.779
244.413
238.455
233.719
236.303
234.910
236.232
237.554
236.938
236.572
234.644
233.301
235.942
234.014
232.086
231.470
232.597
233.919
230.679
233.263
234.585
230.719
231.264
228.024
232.508
229.075
233.556
230.263
231.585
233.500
235.692
232.452
231.976
231.934
231.268
233.170
227.816
225.888
227.791
229.060
232.275
228.255
230.839
232.161
233.483
231.556
234.190
234.732
232.072
234.657
231.997
233.236
235.138
236.460
238.367
239.689
237.711
239.033
239.043
237.653
240.824
240.208
238.085
236.157
236.699
236.083
236.094
236.008
237.330
239.233
239.191
236.490
237.812
235.884
237.791
234.498
237.082
236.320
231.727
232.322
231.706
232.248
235.412
233.485
234.807
237.294
237.304
236.638
237.233
236.617
234.689
237.323
232.719
237.249
235.711
238.345
238.887
235.647
238.231
239.553
234.383
236.874
240.770
236.569
235.222
233.294
231.951
233.273
231.345
230.002
228.074
230.932
227.692
231.588
227.568
230.737
232.647
233.200
234.470
231.764
233.086
231.739
228.447
229.719
232.936
232.946
236.168
234.240
234.782
238.678
233.889
234.443
233.088
233.592
234.861
232.933
232.943
233.229
231.301
230.685
231.594
232.916
234.823
231.530
234.114
232.717
234.039
230.765
231.849
231.807
231.817
234.401
236.308
237.630
235.652
236.790
234.669
234.680
237.848
237.232
234.524
233.177
234.499
231.791
233.064
233.563
233.520
236.104
237.427
234.103
236.006
234.078
234.035
233.369
235.276
231.983
235.198
236.520
236.477
236.396
239.615
237.634
237.819
238.375
236.447
237.769
235.841
238.475
239.017
242.239
238.221
238.140
238.119
234.879
238.048
239.951
240.545
239.880
238.484
240.390
240.400
239.785
241.107
237.867
239.721
240.952
241.494
238.254
240.838
240.848
244.069
244.079
243.638
244.868
245.995
245.329
245.287
241.060
242.967
244.289
242.910
244.764
244.774
245.277
243.299
243.257
245.891
236.552
237.874
237.831
235.853
239.018
236.363
235.697
237.604
235.676
237.529
235.601
236.923
234.263
237.430
240.064
240.972
240.951
239.023
241.511
239.583
239.593
240.870
236.850
240.019
241.925
239.218
239.864
239.065
237.137
237.732
240.901
242.223
240.880
234.390
237.559
236.215
232.349
231.582
234.797
236.119
239.923
235.318
237.177
235.753
237.075
237.085
240.621
241.943
240.015
238.617
240.524
241.846
240.499
241.049
241.591
240.248
235.654
237.507
234.267
235.501
236.630
235.962
236.870
238.192
240.680
237.440
238.762
239.408
237.067
238.389
239.711
237.003
233.087
234.994
237.628
234.920
236.242
237.564
236.956
235.623
238.794
238.804
240.038
239.634
240.190
238.210
238.805
239.304
235.296
236.618
236.002
232.709
234.562
235.884
233.225
237.121
235.728
236.636
235.296
235.891
239.060
238.444
239.352
241.986
240.593
239.785
239.018
241.797
239.869
241.772
243.094
246.898
244.190
242.262
241.646
242.191
242.024
246.505
246.462
243.755
246.389
243.149
246.320
248.808
244.164
240.741
240.079
239.464
240.008
241.330
239.402
240.724
242.047
240.119
241.441
242.763
242.773
243.279
241.351
236.615
235.803
237.075
237.628
238.950
240.272
238.345
235.052
237.636
235.708
233.019
234.341
231.101
233.685
232.288
233.610
231.682
233.004
233.599
232.174
234.662
233.319
230.664
229.011
229.556
229.521
229.478
227.550
228.872
228.882
233.359
234.488
235.079
233.060
233.017
229.778
232.942
236.748
232.144
234.588
232.610
235.832
238.466
235.760
237.615
239.517
237.589
238.911
240.234
235.056
235.066
238.234
239.556
240.879
238.951
237.023
238.875
240.782
238.854
240.176
238.780
236.853
236.863
236.784
237.326
239.910
237.982
237.947
238.489
238.447
236.469
240.860
238.879
240.201
241.523
242.845
240.917
240.886
240.843
242.165
236.988
238.310
239.632
240.954
239.026
232.205
230.821
232.675
231.731
230.347
228.229
230.136
228.208
229.530
226.822
228.676
228.591
228.548
231.717
229.739
229.749
229.133
228.962
229.504
232.089
229.433
233.914
230.622
233.840
231.132
233.766
231.786
232.338
236.822
234.701
231.408
232.680
234.540
234.459
234.469
233.128
235.402
238.573
237.957
238.326
238.336
237.527
236.861
238.183
239.505
239.463
243.804
241.876
236.503
239.137
241.039
239.111
241.018
242.340
242.298
241.682
243.004
244.326
241.086
243.670
242.329
241.571
234.312
234.270
236.127
237.983
237.368
238.690
238.668
237.325
237.335
236.669
233.429
233.394
231.466
234.681
234.638
231.983
230.590
233.759
233.143
235.582
233.601
234.870
232.750
230.626
231.898
236.602
230.697
232.523
231.180
231.774
234.989
236.311
234.383
236.290
236.832
236.747
236.124
237.396
235.418
234.479
233.088
233.010
234.332
238.135
234.843
236.165
237.487
236.151
236.651
238.557
236.629
237.952
239.274
232.742
231.975
230.585
233.749
234.344
233.678
235.000
233.072
234.394
230.971
231.511
227.449
230.618
227.378
227.931
226.588
224.660
227.875
227.832
224.592
226.449
230.199
226.959
232.024
234.245
231.540
227.970
227.888
227.898
228.398
227.775
225.613
226.935
225.007
226.329
227.651
225.723
227.045
221.867
221.825
224.409
225.731
223.803
227.018
228.147
226.219
228.126
226.198
226.208
225.592
227.499
225.571
224.813
222.885
222.842
226.738
224.033
225.887
229.052
226.711
228.033
228.627
231.261
229.914
231.817
231.786
227.181
230.400
227.107
229.741
228.945
229.487
229.497
233.251
233.793
236.962
234.981
234.991
234.325
235.647
235.657
238.829
238.602
238.612
242.508
239.216
240.538
239.195
237.267
238.589
236.661
233.953
238.484
238.441
239.763
241.085
239.157
240.479
238.409
241.574
242.669
242.679
245.264
240.086
241.212
243.796
235.953
238.587
237.817
237.739
234.499
237.664
238.206
238.852
239.761
237.833
236.436
235.820
236.728
239.362
237.967
237.197
240.416
239.072
240.394
237.102
235.124
235.640
237.547
239.406
241.809
240.455
240.369
238.441
238.452
241.036
242.938
238.930
237.587
234.294
234.848
234.805
237.389
232.649
234.506
231.804
231.814
236.883
234.955
234.913
238.809
240.271
237.930
234.690
239.765
238.418
239.740
238.344
236.416
237.686
237.662
234.422
237.587
236.971
232.954
235.796
237.118
233.878
233.210
231.282
231.873
231.257
231.267
234.435
233.092
234.414
235.736
235.120
232.413
234.315
236.949
238.076
239.398
237.418
240.052
236.759
234.831
236.153
236.496
236.506
239.678
241.000
237.760
241.562
240.219
238.291
236.363
234.435
234.392
233.726
235.633
234.236
235.558
236.880
238.202
230.359
232.268
229.560
232.145
231.921
229.993
231.315
231.272
232.544
235.709
237.031
233.165
233.123
234.445
232.517
231.174
231.131
234.296
232.368
235.002
230.397
234.153
233.395
231.467
231.978
233.105
229.189
228.430
227.083
225.155
226.477
224.549
225.871
225.881
229.096
229.065
230.334
226.315
228.899
231.390
226.017
225.936
227.258
225.330
225.340
227.936
227.754
230.388
229.601
230.923
231.518
232.749
232.706
233.042
233.587
232.831
230.726
229.379
230.701
230.659
230.043
226.803
231.190
232.512
229.272
231.906
236.240
231.636
232.958
236.126
234.198
235.521
236.843
239.477
237.496
239.350
238.549
239.091
239.643
240.965
239.038
237.702
240.336
240.293
244.239
241.531
243.438
242.095
243.417
238.239
239.561
238.218
234.209
234.800
234.134
237.349
237.306
232.713
234.035
232.107
233.429
236.063
237.333
234.628
235.950
236.544
235.879
232.639
234.544
237.766
234.342
236.976
234.858
238.077
235.954
233.976
235.298
236.620
235.277
235.287
233.263
233.808
232.465
233.787
233.797
234.888
236.210
235.602
238.820
237.424
235.444
232.009
233.682
229.673
232.112
225.852
226.447
228.258
222.158
224.011
225.283
230.394
227.686
229.008
223.830
223.840
226.425
225.077
226.984
219.141
221.999
222.009
215.744
219.279
217.351
219.254
217.911
215.256
211.927
213.834
215.741
213.033
213.679
213.636
214.231
218.127
216.772
220.495
217.202
214.543
217.127
219.621
219.579
222.213
224.119
222.191
223.514
226.148
226.105
228.739
226.034
226.044
229.215
227.287
227.830
230.464
227.811
230.982
226.212
227.534
228.087
228.044
226.647
229.086
229.096
231.680
231.604
233.507
234.779
233.970
233.212
234.534
233.918
236.359
236.317
237.639
238.961
238.790
236.862
236.819
234.841
234.810
232.882
234.204
234.180
233.564
234.109
235.289
233.311
234.583
237.046
239.680
235.075
234.847
237.432
234.192
238.088
236.694
235.927
235.849
234.505
235.828
237.150
238.472
239.794
238.446
240.884
242.206
240.228
240.186
239.520
239.530
236.198
237.520
240.735
237.443
238.765
240.672
240.056
240.013
241.304
237.103
235.175
236.497
237.060
233.821
236.989
238.896
239.600
238.206
236.083
238.717
239.844
238.501
237.885
237.115
238.387
241.552
239.624
239.581
238.184
236.206
237.440
234.371
236.955
236.965
237.469
238.791
235.498
237.355
238.642
241.133
241.144
241.062
237.770
240.404
240.373
239.018
237.491
235.563
236.835
236.845
240.651
234.562
233.946
234.488
235.810
237.133
233.124
229.884
229.799
229.809
232.246
233.519
232.853
232.817
232.775
229.535
234.062
233.294
233.216
233.811
233.195
234.517
232.589
235.076
233.148
229.908
229.243
231.099
228.391
228.895
229.459
228.065
229.387
228.044
229.366
229.324
227.346
230.517
228.589
229.180
229.680
221.299
224.471
225.793
227.115
229.018
228.975
226.997
228.907
229.997
231.320
234.548
231.840
233.163
232.951
232.908
235.492
233.512
231.584
228.344
232.827
230.122
231.444
229.516
232.010
233.280
234.602
233.986
234.528
234.538
235.622
236.894
236.278
233.573
235.476
235.433
234.768
236.090
237.412
235.484
236.806
230.897
232.749
236.645
236.466
239.637
236.397
239.569
240.891
239.543
239.501
242.085
242.064
242.074
241.995
241.237
242.559
243.881
236.570
237.892
239.183
240.309
237.070
241.016
234.697
238.451
238.374
236.446
237.768
235.840
237.747
237.716
237.673
235.745
237.067
237.025
235.594
238.228
237.424
239.331
237.403
240.037
236.744
239.378
236.086
236.096
239.265
235.399
234.631
236.855
240.941
239.548
240.090
241.412
240.065
240.034
241.303
238.011
240.498
241.767
243.090
244.330
242.577
243.899
240.659
242.565
244.425
244.346
242.418
244.273
247.487
247.445
240.767
243.040
241.112
244.331
241.039
242.361
244.995
240.978
240.899
241.490
246.555
243.263
241.335
243.242
245.876
241.856
244.490
241.250
244.471
242.543
239.836
242.420
241.804
237.603
234.363
234.869
235.411
234.015
236.649
237.244
240.413
232.570
234.479
235.801
233.873
231.945
230.017
230.947
227.708
230.876
228.948
232.167
232.709
230.781
233.363
231.242
231.252
235.002
234.333
235.463
232.620
233.942
232.014
230.086
231.408
231.999
234.583
232.512
233.782
233.749
235.071
233.143
231.800
229.872
230.414
233.048
231.120
225.215
229.699
230.243
228.315
230.950
232.079
233.401
232.058
233.327
232.711
232.669
231.322
233.228
234.550
232.622
235.256
231.964
229.889
232.523
230.596
234.399
235.668
235.626
233.551
232.127
233.449
235.356
236.678
231.507
233.364
235.217
234.551
237.185
233.752
236.337
236.879
238.166
236.238
236.832
239.416
239.759
236.519
238.372
241.541
241.510
243.364
240.656
238.735
239.613
241.472
244.644
244.654
247.730
247.064
245.136
244.374
245.553
248.137
246.794
246.752
246.136
246.093
246.739
244.034
244.044
247.215
245.287
243.328
246.719
246.676
249.310
246.969
247.564
247.478
244.823
247.407
242.237
245.455
246.778
244.850
247.337
245.409
246.679
243.386
244.658
245.158
244.346
244.888
244.807
246.129
247.451
248.773
245.534
243.524
240.284
242.144
242.065
241.899
244.483
246.390
243.150
242.534
243.856
241.602
244.236
239.631
242.215
237.622
239.529
237.601
237.558
241.454
240.058
238.078
238.620
237.273
238.595
237.252
238.574
239.116
238.447
241.081
241.039
235.861
236.403
235.787
236.962
238.232
240.816
242.723
237.545
239.451
240.774
238.846
240.168
239.552
237.571
238.480
239.655
237.677
235.668
232.428
234.285
236.559
240.312
241.600
239.480
239.490
239.409
238.793
240.062
242.504
241.736
246.220
243.515
246.149
246.691
243.451
246.616
243.777
238.599
238.609
241.774
243.096
241.702
243.024
244.347
242.999
241.656
238.232
235.524
238.109
238.651
237.257
236.592
236.549
235.883
237.205
238.527
239.122
237.779
240.947
237.082
237.626
239.529
238.913
237.517
238.059
236.131
234.204
235.526
238.744
238.702
234.056
236.690
236.647
235.889
238.523
232.565
235.199
231.906
231.241
230.473
235.321
231.304
234.475
232.547
232.557
237.091
239.896
239.854
239.095
237.114
238.436
237.821
238.365
240.219
241.931
241.850
239.727
242.891
245.526
241.506
243.317
240.609
241.931
240.588
238.660
239.982
238.054
239.376
237.448
237.406
240.040
242.527
239.872
242.456
240.528
243.162
243.704
240.465
243.636
240.396
243.565
238.387
238.978
241.562
243.469
242.853
242.810
239.529
240.798
236.781
238.014
239.871
241.003
240.245
235.652
235.036
235.945
237.267
238.589
235.888
235.846
233.918
234.515
238.051
238.061
236.667
239.155
244.270
240.978
239.595
243.344
242.001
243.323
241.395
241.352
245.829
241.225
241.778
239.070
240.342
244.238
242.482
241.139
237.858
236.688
238.545
237.202
238.524
239.846
242.480
239.188
239.198
242.951
239.670
233.715
235.618
232.378
231.712
232.306
234.794
238.690
238.647
237.835
241.054
237.761
239.083
240.405
239.593
236.938
236.272
236.814
236.148
238.732
241.171
236.566
240.686
234.144
236.728
239.362
238.592
240.047
241.369
238.076
241.295
236.117
233.462
234.553
232.625
230.554
233.723
231.795
233.117
234.439
231.199
232.471
231.081
233.575
232.959
234.281
235.603
233.675
233.059
233.602
236.089
237.411
235.483
236.805
233.524
230.819
229.476
230.798
228.142
230.726
229.379
231.289
233.776
230.536
233.705
230.412
231.109
226.905
230.070
222.619
223.941
222.013
223.335
223.345
226.516
225.900
227.030
225.102
225.112
227.696
229.018
229.354
230.262
230.804
232.659
232.573
232.583
232.869
230.794
230.128
232.035
233.357
230.702
231.972
232.668
233.210
231.282
232.409
234.993
236.315
234.387
236.874
235.527
237.434
232.841
234.163
232.235
230.307
232.941
234.434
236.341
234.998
236.320
231.142
231.152
232.422
231.756
235.933
237.847
240.481
239.723
239.114
232.298
232.217
230.874
232.196
230.268
231.590
233.497
226.062
222.196
221.793
226.276
226.821
226.062
225.446
222.154
224.057
224.599
227.183
223.943
221.965
220.572
223.793
226.427
228.141
229.464
226.224
230.120
225.331
223.403
224.725
224.735
226.925
228.828
225.535
226.766
224.058
224.015
227.230
225.252
225.228
226.551
225.935
228.155
228.700
228.710
234.737
236.059
234.131
235.453
233.525
234.848
232.920
234.242
235.564
236.886
234.189
230.536
235.070
236.563
235.954
237.857
234.617
233.951
232.023
232.034
231.955
235.170
234.985
237.569
236.903
238.760
236.636
236.594
239.194
237.073
238.396
236.468
237.790
239.112
240.434
238.506
235.213
239.109
236.404
234.476
236.383
237.705
235.777
232.484
228.977
233.375
234.644
235.967
235.154
236.476
234.548
235.870
237.192
233.900
236.484
234.556
232.628
233.950
236.584
236.541
234.613
239.532
236.240
232.947
235.581
233.653
236.287
234.933
238.102
236.174
232.308
231.904
235.076
233.733
230.440
234.917
234.874
238.460
235.752
237.074
236.261
237.584
238.906
238.237
235.532
234.189
234.146
236.730
236.740
239.735
235.869
235.827
237.149
237.106
239.690
241.597
236.276
236.195
236.021
237.676
233.659
235.518
234.128
237.297
237.892
235.288
234.518
236.370
241.439
238.146
240.780
236.760
239.979
234.801
237.435
239.147
231.304
231.898
235.484
234.868
235.997
232.757
231.367
234.532
233.916
235.045
238.264
238.221
233.624
232.138
233.365
230.073
230.630
230.640
235.170
231.878
233.731
234.284
230.991
232.314
233.636
236.270
236.227
239.303
239.261
237.283
239.690
236.450
237.727
238.272
238.282
238.204
239.526
239.502
237.574
235.646
236.607
235.217
237.440
237.359
238.681
239.222
242.393
240.270
242.854
240.146
243.315
241.387
241.345
239.951
237.973
241.777
244.411
241.703
241.713
245.463
244.839
248.004
242.099
244.683
244.640
243.974
243.951
242.023
243.926
245.248
247.154
246.538
246.496
241.318
242.640
245.274
240.043
240.586
241.128
236.308
236.223
237.545
240.036
238.108
230.857
234.022
232.679
230.751
230.708
234.458
233.842
233.799
236.433
233.726
235.048
233.120
233.130
236.301
234.373
234.352
233.005
234.327
232.399
233.721
233.731
233.065
231.137
232.459
231.843
229.138
229.729
229.648
230.970
230.927
233.561
231.633
232.813
232.147
232.157
232.124
234.031
227.489
230.657
231.929
233.251
232.806
235.440
235.984
236.912
238.234
238.244
240.828
238.120
239.361
241.214
239.286
240.608
240.951
243.438
242.770
241.374
241.916
242.473
240.545
239.198
239.740
242.324
243.646
244.968
244.206
239.612
236.373
239.537
238.779
236.124
237.215
231.275
233.178
233.136
236.304
234.376
235.699
233.771
236.937
233.644
232.886
230.958
226.364
229.583
226.291
227.613
228.208
227.542
226.779
229.413
226.121
226.711
227.357
227.902
227.874
225.168
226.490
227.813
226.469
225.853
226.980
228.107
228.753
224.149
226.733
224.805
226.127
224.199
225.521
226.843
228.696
230.018
229.402
229.947
230.537
229.871
231.194
235.003
236.325
236.290
236.832
240.609
241.878
238.586
239.765
237.211
235.857
237.714
241.249
243.737
246.371
243.663
241.004
244.757
242.776
244.099
246.733
243.440
243.990
241.282
236.688
238.010
239.917
237.989
240.623
237.371
238.693
235.985
229.989
233.210
233.752
231.824
232.419
232.334
233.656
231.001
233.585
231.657
232.979
234.882
231.642
232.141
230.798
232.120
228.880
232.102
230.759
231.353
231.268
227.260
224.604
