4.113
9.374
16.923
23.667
30.996
38.331
44.763
51.140
58.695
65.071
69.600
77.926
82.986
91.846
98.643
105.663
113.407
119.102
125.478
133.166
138.066
145.034
152.725
159.015
163.494
171.231
177.981
184.364
190.799
195.863
202.295
210.626
217.009
223.755
228.875
237.574
244.585
250.383
258.081
264.507
271.611
277.676
284.641
292.329
296.813
304.501
309.625
317.216
322.427
328.083
336.405
342.254
349.224
359.372
361.142
369.466
377.791
382.321
388.388
396.663
402.094
410.286
415.550
422.881
431.528
437.013
444.389
451.719
460.001
466.377
472.804
477.920
486.200
492.579
487.902
490.994
489.618
489.500
488.074
488.585
489.835
490.156
492.709
488.846
488.512
492.283
486.282
488.250
485.559
490.958
488.810
488.158
490.978
491.602
493.331
490.007
487.990
494.324
489.691
492.876
491.452
489.485
490.676
493.229
491.486
491.055
489.986
488.925
490.551
491.159
488.412
488.922
493.158
491.950
493.002
490.940
490.137
489.478
489.350
490.014
492.160
490.778
491.602
491.528
490.686
491.881
491.807
491.693
492.570
493.808
491.838
494.971
495.478
491.890
492.139
492.072
493.267
491.884
487.792
488.253
490.757
490.279
490.212
489.947
491.335
490.490
490.376
490.255
489.410
493.271
491.481
490.052
491.289
491.172
486.486
487.318
489.510
488.855
488.734
490.556
488.585
487.835
487.983
487.187
491.632
490.827
490.445
488.565
489.809
490.864
485.643
488.000
489.188
487.752
488.218
486.842
488.663
488.592
491.041
488.982
489.455
489.918
489.210
489.089
489.388
489.313
491.730
490.344
492.890
490.153
489.445
489.330
491.113
489.736
486.358
492.108
490.537
486.578
490.121
486.807
486.739
486.622
486.777
490.684
487.317
488.568
489.752
489.318
489.248
488.394
493.426
491.200
489.821
489.747
489.630
489.465
488.661
487.816
487.698
491.776
488.459
489.656
490.895
485.541
487.740
487.844
487.142
491.954
487.905
487.791
487.670
489.854
489.333
489.946
491.726
492.241
495.426
491.969
489.953
490.419
492.033
491.905
491.788
492.295
492.948
494.183
493.962
490.680
495.129
492.388
495.259
494.415
491.269
490.617
493.117
494.211
490.119
490.775
491.289
491.215
490.877
489.451
491.276
489.900
493.936
493.085
489.032
489.643
489.569
490.814
490.597
489.943
489.234
490.432
485.613
490.638
487.260
486.462
488.238
487.386
489.163
487.199
488.447
488.383
485.066
485.894
487.144
487.605
489.378
487.939
491.125
488.345
488.228
487.526
488.767
487.390
487.322
487.207
487.136
488.741
489.108
484.424
484.720
484.659
487.753
485.642
491.984
490.605
488.955
486.803
487.777
487.656
488.170
487.465
490.644
491.022
492.539
490.160
490.086
489.825
491.068
491.318
492.513
492.024
491.230
493.009
493.302
488.990
496.730
494.728
488.790
490.618
490.915
491.422
491.718
492.597
492.473
496.972
493.965
493.265
489.799
491.036
492.868
492.742
491.358
491.241
491.488
496.371
495.713
494.973
498.746
495.283
495.208
496.446
493.755
495.003
495.252
495.178
496.270
491.781
492.978
490.822
492.598
493.111
493.044
496.271
494.025
493.323
491.635
490.622
492.398
490.236
490.482
490.995
492.243
490.222
491.327
492.515
492.979
493.444
492.789
488.885
492.020
488.702
488.635
491.763
488.974
489.442
488.737
486.141
487.860
485.851
491.387
485.085
486.143
486.442
488.001
488.250
488.721
485.350
485.816
491.637
489.042
488.393
488.322
488.792
492.342
489.926
488.276
489.520
491.157
489.868
489.580
495.019
491.556
490.844
490.633
496.345
490.404
489.926
491.748
493.616
489.707
493.207
490.206
495.382
490.750
490.493
493.052
491.673
491.552
492.059
490.680
491.927
494.372
494.997
496.672
493.302
492.600
495.779
493.632
492.246
492.909
492.785
490.780
489.403
490.594
489.796
490.045
490.659
487.341
492.619
488.122
489.457
488.442
492.839
487.521
489.717
488.331
489.575
494.022
489.831
491.604
490.365
493.491
486.730
493.432
490.557
491.072
489.782
489.080
487.649
488.899
488.782
487.307
485.880
485.812
488.222
487.513
488.034
487.763
490.993
488.474
492.765
492.162
491.952
490.516
491.424
492.758
492.100
495.808
489.870
491.704
491.003
489.933
492.300
492.186
493.381
493.171
487.898
493.697
495.570
493.152
490.512
491.558
490.710
490.635
492.100
490.136
492.645
491.846
498.963
492.247
493.497
490.711
492.273
490.891
489.455
495.428
492.648
490.684
491.925
491.808
489.392
492.889
493.357
493.287
494.311
488.372
492.866
492.751
489.801
492.936
493.457
490.814
485.404
490.479
493.658
490.287
491.169
488.529
487.143
487.078
486.601
488.376
489.260
491.093
491.019
493.474
488.204
489.441
488.739
487.312
489.677
485.945
489.124
488.607
487.178
488.426
488.356
488.817
488.696
487.267
485.264
486.096
486.343
486.592
487.426
486.044
488.601
486.441
489.584
488.742
489.983
490.282
490.746
489.360
490.598
489.222
487.843
488.356
492.088
490.071
489.957
491.204
488.061
491.778
491.713
488.349
488.860
491.455
493.283
487.709
490.272
489.570
490.087
494.362
489.732
493.232
488.919
489.215
490.460
491.341
487.968
491.510
488.137
488.061
486.635
490.135
490.697
490.009
491.049
490.205
491.039
490.751
491.635
493.601
491.435
488.485
488.780
488.706
488.582
488.465
491.546
490.559
488.008
489.255
490.496
492.900
489.208
490.036
492.543
492.065
491.994
488.626
488.926
489.810
488.160
494.507
489.871
489.020
491.210
491.082
493.956
491.852
490.416
491.666
494.537
492.381
493.797
489.838
492.965
494.735
489.692
495.498
490.862
490.784
491.249
490.547
496.844
491.476
491.361
489.935
492.070
488.022
492.299
492.546
489.763
489.111
489.617
490.501
490.377
493.560
490.966
490.903
490.781
493.341
490.453
491.495
492.736
490.535
493.406
491.611
492.127
492.008
492.307
492.186
492.653
491.995
495.176
494.284
494.357
489.000
487.988
493.059
489.745
489.628
488.195
489.432
493.198
491.769
490.932
488.292
487.811
490.947
491.414
491.297
487.927
491.695
487.156
487.091
487.024
487.267
489.314
489.337
490.896
489.103
490.522
489.089
491.285
491.532
491.415
492.249
491.591
488.273
488.150
488.399
490.266
490.108
488.588
488.465
486.452
486.912
486.204
484.915
486.912
488.296
486.557
487.022
489.426
487.958
487.887
487.772
488.293
487.634
490.270
489.031
487.014
486.358
488.136
494.048
491.973
488.649
488.529
487.240
487.119
490.941
488.195
491.744
492.210
490.779
494.290
496.792
495.672
491.735
490.358
492.918
493.376
488.557
489.584
488.198
489.448
492.948
490.529
489.821
489.754
494.574
490.568
491.088
498.420
496.856
496.147
496.658
497.993
493.167
492.465
492.348
492.813
489.439
489.375
487.941
489.553
488.488
493.884
494.456
498.268
493.582
494.412
493.354
493.604
494.852
496.725
498.330
497.531
493.851
491.792
492.445
493.686
492.842
490.153
492.706
494.342
489.713
489.061
490.298
489.285
489.168
488.908
488.787
491.934
489.828
490.481
492.300
490.866
490.792
491.249
486.567
488.763
491.263
488.742
495.503
495.381
494.732
490.056
492.034
494.346
490.430
495.456
493.397
492.007
492.468
492.353
492.460
487.974
488.444
491.363
491.300
491.183
489.749
490.994
492.189
490.803
488.652
492.555
492.267
492.560
487.924
487.856
487.735
487.670
488.132
488.018
486.591
492.139
488.574
488.457
490.867
491.335
490.633
490.568
490.451
491.555
489.500
491.958
495.820
495.387
492.657
493.751
491.550
492.158
487.115
489.312
489.561
489.447
491.058
494.815
488.871
490.651
491.304
493.175
488.913
489.386
491.000
490.146
493.092
488.603
487.538
491.624
491.137
490.799
492.613
495.701
494.318
492.114
492.040
493.281
491.115
490.456
492.826
493.429
491.323
495.197
493.038
494.236
494.172
490.805
491.275
490.987
489.601
491.793
493.573
492.187
491.479
494.038
490.572
491.823
488.499
491.625
492.817
488.188
490.922
490.662
491.272
491.953
492.606
491.805
492.459
491.073
490.949
490.878
486.248
490.693
494.274
492.303
496.804
488.877
490.710
489.274
489.937
486.569
487.080
485.114
494.701
492.595
491.121
490.466
492.078
488.564
492.271
488.369
487.304
489.866
491.553
485.752
486.940
485.561
485.808
487.619
484.839
486.027
486.320
488.558
487.668
486.018
487.630
491.091
494.358
491.130
489.027
490.269
491.103
491.029
487.121
489.890
487.303
490.850
491.100
490.982
487.611
486.763
490.669
487.930
487.271
487.564
492.779
488.863
490.280
490.162
489.454
490.551
490.481
491.732
490.878
489.186
488.117
492.617
487.940
493.597
490.857
490.740
489.675
491.507
495.996
494.032
490.717
490.653
494.062
493.900
491.734
492.975
492.855
492.197
492.082
490.073
489.641
488.205
489.250
488.965
490.215
488.162
491.196
490.487
491.372
487.417
489.967
488.171
488.097
488.931
488.864
491.049
495.546
492.546
488.277
492.676
496.615
491.346
492.983
494.175
488.959
489.032
488.019
491.148
486.466
487.707
487.592
489.732
488.938
489.187
489.655
489.317
486.002
491.809
486.767
488.188
488.796
486.679
487.513
489.705
493.205
494.296
492.235
490.264
489.556
490.750
489.959
491.195
490.308
490.769
490.114
490.000
490.467
489.815
486.451
489.586
488.121
491.162
487.253
486.987
488.234
491.514
488.096
489.915
488.483
484.967
486.161
487.043
492.838
490.102
489.400
488.290
487.495
487.375
485.412
491.132
488.078
489.130
486.579
486.881
487.936
489.128
489.014
488.949
486.750
486.677
489.268
485.901
485.059
489.829
486.998
492.755
492.902
489.537
489.416
490.663
489.287
488.438
490.000
489.933
490.232
493.324
491.165
489.782
492.511
492.443
490.077
493.260
488.577
491.139
493.376
488.693
493.671
492.463
493.693
491.684
490.979
494.740
494.616
490.301
490.181
491.795
495.033
492.874
490.722
489.483
489.366
493.497
490.179
491.598
491.474
488.923
491.062
490.000
491.771
496.262
492.948
493.418
489.153
489.086
488.971
488.123
489.314
489.242
489.535
492.091
489.350
491.133
492.763
492.108
488.371
490.927
490.130
491.371
490.933
490.819
491.068
491.539
492.630
491.241
491.169
496.394
488.515
494.951
492.211
490.198
496.634
495.255
490.537
490.109
490.627
494.348
491.657
490.587
493.725
491.754
492.953
494.736
494.077
497.256
495.203
491.744
491.766
495.309
489.899
490.372
491.613
491.498
491.384
491.851
491.592
491.894
493.135
493.070
494.125
490.659
490.734
496.582
490.600
489.164
493.025
490.645
490.574
487.837
486.403
488.185
486.749
492.947
487.096
490.921
488.808
491.167
492.361
490.398
489.018
490.269
490.511
490.397
489.595
489.527
487.464
487.397
486.599
487.625
488.086
487.963
484.598
487.780
488.115
487.461
487.922
489.932
489.224
487.219
485.833
488.927
486.183
486.110
486.941
487.549
486.536
488.747
488.043
486.022
486.536
486.558
486.858
486.780
487.148
487.752
484.382
483.680
482.836
486.547
484.485
484.418
483.028
488.791
486.007
487.789
483.156
483.039
486.168
484.786
486.571
486.678
490.936
488.385
487.733
491.595
487.188
486.529
485.517
490.910
488.121
487.109
487.044
487.287
493.672
490.308
490.769
490.117
487.117
486.999
488.832
489.709
489.956
488.570
490.132
490.425
488.262
495.057
494.531
494.414
493.760
493.019
489.603
491.743
496.236
490.873
492.118
492.044
496.123
494.290
490.331
495.361
490.725
490.608
490.539
490.425
490.170
491.411
489.977
493.842
492.102
489.372
491.964
489.010
489.478
489.842
488.553
489.385
490.041
488.651
489.892
489.775
489.701
489.490
491.990
495.169
494.920
492.367
491.351
491.234
488.234
487.442
487.322
489.098
490.199
488.763
489.861
488.625
486.989
485.926
490.948
492.682
488.313
489.505
488.803
490.415
493.964
489.335
488.273
490.832
493.977
491.870
486.296
488.856
492.035
488.720
491.856
493.103
488.834
491.387
492.492
488.482
491.575
491.677
492.872
494.690
490.011
492.157
492.086
493.909
492.519
490.505
492.337
491.635
490.167
488.788
492.506
488.017
488.904
488.839
489.309
488.653
488.536
487.100
488.712
489.910
491.522
490.723
491.285
492.653
488.745
488.627
489.138
489.645
487.044
486.982
489.766
490.227
488.937
489.819
486.231
486.117
486.414
487.968
488.850
489.308
486.026
488.165
488.087
489.142
488.434
488.681
484.002
485.780
487.391
489.531
487.962
487.691
488.880
487.444
486.788
488.402
488.649
489.110
489.485
490.091
494.536
491.797
489.826
488.978
491.335
490.684
491.787
490.351
491.544
491.475
488.682
490.512
489.132
493.219
489.905
490.518
490.447
494.170
490.796
491.313
494.809
495.855
490.586
492.407
493.011
491.625
491.508
494.643
489.380
493.093
489.191
489.648
489.527
494.559
489.933
490.817
489.384
492.321
492.394
488.129
491.264
494.030
491.806
487.762
492.158
491.096
491.022
490.958
492.772
489.985
493.069
496.736
493.679
490.141
490.070
490.904
494.668
493.819
493.657
495.307
491.990
491.870
494.458
495.066
493.092
490.157
490.767
489.925
491.751
491.824
496.944
497.455
490.247
495.364
489.748
490.989
491.455
491.754
492.001
492.836
490.822
492.600
493.484
494.896
492.157
490.141
493.329
495.114
493.061
493.382
492.902
493.416
493.351
493.287
491.280
494.416
492.221
494.762
491.388
491.845
495.565
491.657
492.168
492.417
491.143
491.515
492.119
490.152
491.126
489.332
492.112
490.686
495.718
496.965
492.864
490.129
490.597
497.890
495.193
495.065
497.616
496.548
495.699
491.020
496.462
495.035
496.270
494.113
494.947
494.096
495.344
495.081
491.712
497.468
492.619
492.914
493.428
493.895
491.925
490.284
490.206
490.137
490.016
489.895
488.466
490.444
493.620
493.774
493.657
491.070
494.203
489.576
491.942
492.403
492.338
495.513
492.720
491.338
491.015
489.633
491.406
492.648
491.216
490.424
489.768
485.089
490.273
486.854
491.887
491.549
488.182
488.061
488.531
488.778
491.180
490.483
489.539
485.580
485.656
486.269
484.834
491.908
488.401
487.746
487.047
491.285
489.716
488.340
488.853
489.153
493.459
491.488
490.786
490.662
491.853
491.646
487.107
485.728
486.189
487.429
487.308
487.608
489.027
487.788
486.768
489.954
491.408
490.169
488.880
489.714
490.225
492.369
491.356
496.490
492.291
490.859
491.373
489.321
489.791
491.350
490.334
490.211
490.094
492.451
490.481
494.776
495.380
490.691
489.672
491.821
488.504
490.286
492.157
488.255
491.126
489.013
488.898
488.827
487.398
485.980
487.264
486.160
487.983
485.247
488.708
491.164
490.679
490.608
492.964
489.636
490.244
488.867
493.539
489.587
490.424
489.626
497.687
494.366
492.898
493.217
488.583
491.283
490.805
488.107
491.202
490.400
489.749
489.634
494.398
491.560
492.656
491.951
495.662
493.645
494.528
496.142
488.630
490.242
489.440
490.638
490.887
490.814
490.694
489.261
490.508
491.709
492.169
493.799
492.510
490.539
492.153
493.929
494.391
489.541
488.165
490.361
490.247
489.405
494.483
490.579
491.092
491.752
490.960
489.527
491.354
487.990
488.456
490.959
489.378
492.504
488.549
490.325
489.474
490.662
494.016
489.527
488.729
487.261
487.508
487.295
491.930
490.547
487.226
486.163
491.343
487.922
487.861
488.328
486.315
491.154
487.872
487.163
487.993
489.410
486.808
487.272
492.357
493.987
492.748
488.842
488.768
493.209
488.577
487.728
490.825
491.657
492.631
489.115
487.465
488.712
491.848
491.731
488.944
486.980
488.221
487.370
489.196
488.394
492.252
490.193
488.816
489.430
492.923
488.610
488.548
490.374
490.673
491.774
490.485
489.059
488.364
488.300
490.535
487.163
487.049
486.984
485.608
486.851
492.975
489.371
488.082
484.176
484.646
487.825
484.461
484.337
484.851
487.399
484.084
489.695
484.478
486.845
483.569
485.931
481.291
483.440
485.307
483.882
483.815
483.698
483.583
483.516
483.813
483.685
485.556
484.088
486.490
484.854
485.468
485.715
486.175
489.460
488.662
485.187
488.275
487.262
483.898
487.605
486.903
487.368
489.001
489.512
490.117
488.097
487.983
489.073
487.834
487.770
483.140
489.579
488.111
486.690
486.257
486.143
485.080
487.633
489.452
485.399
487.541
488.419
489.075
488.644
487.218
492.249
488.875
490.698
490.578
491.043
491.343
491.083
490.381
490.624
490.871
491.118
487.800
487.736
490.146
487.396
488.058
490.510
488.287
489.332
489.797
489.820
487.856
487.058
487.721
487.656
487.906
489.779
496.717
492.126
484.240
486.069
490.507
489.657
486.290
484.854
487.944
489.189
492.333
489.278
491.835
489.092
487.708
489.851
489.779
490.079
488.652
490.516
488.240
485.552
489.006
488.162
491.338
490.819
488.658
489.899
487.747
488.446
491.006
485.428
485.353
489.228
487.438
488.536
487.832
486.980
487.591
488.689
491.869
491.213
495.509
487.574
490.900
487.580
487.879
488.400
488.328
488.792
489.679
489.928
489.857
490.371
491.423
491.670
490.962
490.893
487.165
487.101
487.036
487.553
488.215
486.836
489.976
488.593
487.207
487.724
490.084
487.483
488.730
485.780
487.341
487.859
487.062
486.357
486.604
488.254
490.453
485.770
487.542
487.468
488.706
482.761
484.593
490.179
491.323
487.242
486.441
485.007
490.028
489.954
492.288
488.870
485.919
485.848
486.371
487.614
491.429
488.011
489.066
489.384
488.095
484.920
484.846
492.553
485.879
485.541
485.471
485.935
487.172
484.425
485.081
483.648
484.528
485.776
488.279
489.370
490.425
485.154
486.766
486.701
487.169
486.510
490.010
486.645
486.575
483.575
487.074
487.535
490.085
489.828
488.187
488.484
491.114
487.747
487.095
492.120
491.329
493.516
491.514
490.766
488.663
485.289
489.420
485.469
485.929
485.642
485.574
485.501
487.374
492.773
486.569
490.653
488.014
492.787
488.056
490.408
489.707
492.888
495.402
491.571
490.191
493.557
494.795
492.045
494.194
494.077
497.253
494.514
492.493
493.737
493.666
494.913
493.534
493.419
495.196
494.352
499.379
490.132
493.419
492.211
493.452
492.069
491.955
490.528
489.638
487.618
489.446
488.794
487.950
490.500
489.702
489.414
487.985
493.645
491.583
492.470
492.260
490.971
493.189
492.534
492.557
486.024
489.104
487.721
489.538
488.437
487.959
489.064
487.002
487.976
487.548
488.007
487.305
483.938
484.398
484.855
487.397
487.908
486.124
488.085
488.020
488.316
488.238
484.563
486.388
487.266
490.981
487.393
489.165
488.373
488.299
487.647
487.894
487.780
490.906
488.119
491.064
489.678
489.701
490.531
489.594
489.670
487.706
488.950
485.576
485.509
489.001
486.946
493.016
494.261
490.747
488.733
485.419
487.564
489.346
491.169
489.788
490.391
490.324
487.633
494.757
486.144
487.962
489.206
491.980
491.325
491.940
486.799
493.137
494.343
489.562
495.372
490.696
490.579
489.150
491.342
491.278
489.219
487.426
492.825
489.875
491.647
493.473
492.489
493.145
491.760
494.893
496.455
492.727
493.922
496.380
492.472
492.721
492.654
494.436
492.330
492.206
491.497
493.694
492.989
492.337
494.840
489.436
489.362
491.135
489.165
492.662
488.984
490.763
490.062
488.632
490.240
490.166
490.052
492.466
491.227
487.185
486.533
490.035
492.977
488.026
489.861
485.909
485.844
486.305
485.875
489.744
486.323
490.725
488.928
489.178
489.100
486.097
491.348
486.806
486.013
487.795
487.681
486.666
488.500
491.042
487.717
487.647
487.576
487.448
490.634
493.044
488.408
489.644
488.589
488.465
488.715
488.648
492.460
488.096
489.710
489.957
489.879
490.129
494.165
492.512
491.129
490.282
492.426
492.309
492.776
492.709
489.395
489.323
489.834
489.176
487.744
490.829
490.037
491.011
490.167
489.106
486.195
488.757
488.693
499.095
489.888
491.085
494.631
490.687
490.213
490.096
488.709
490.855
494.037
492.610
492.498
491.114
494.611
492.562
493.390
498.860
496.798
495.417
493.981
495.802
495.150
494.088
495.336
493.952
494.463
494.388
496.537
496.780
493.415
493.708
494.224
494.742
493.363
493.832
495.079
493.696
495.310
494.459
497.057
495.058
494.934
496.181
494.805
495.048
495.515
495.395
492.609
490.638
490.938
499.848
487.497
490.374
489.529
490.192
490.649
492.254
486.313
490.184
488.395
488.860
487.210
491.074
489.917
489.797
487.454
490.779
487.602
486.002
486.466
488.149
485.542
484.890
486.719
486.067
486.310
486.559
486.492
488.121
489.537
485.583
484.878
484.226
485.643
484.353
482.974
484.218
483.740
485.566
486.614
489.205
484.579
486.948
487.559
487.855
488.319
487.841
489.082
489.916
487.749
492.832
488.196
489.437
489.686
490.143
486.191
485.129
485.645
486.892
486.825
486.711
486.596
487.060
486.939
485.926
494.208
490.894
487.941
487.821
492.853
493.405
490.411
490.515
495.330
493.214
491.831
491.707
490.902
488.308
494.737
491.414
488.040
488.547
491.145
488.194
488.660
488.546
489.433
489.682
490.877
488.550
491.112
490.896
490.045
490.701
487.698
485.677
488.088
487.379
486.720
485.285
486.532
487.587
487.467
485.815
488.374
486.578
487.823
487.706
486.279
488.052
487.981
487.182
490.833
485.421
485.932
486.978
486.323
485.665
490.557
488.135
486.708
485.238
485.173
488.996
485.572
486.228
486.114
486.627
489.861
490.640
490.940
487.575
486.189
487.968
488.263
488.733
489.248
489.708
488.419
490.247
487.922
488.759
493.162
491.005
491.516
491.300
494.479
491.105
491.715
490.652
491.903
491.783
492.246
490.814
488.759
488.642
490.422
488.455
489.287
488.585
488.884
490.653
489.274
489.203
490.033
491.904
492.165
493.208
489.111
490.306
488.927
489.219
489.469
492.600
490.860
490.789
490.724
489.298
489.770
487.754
489.315
490.238
490.560
489.271
491.186
490.344
494.835
493.259
489.358
490.546
489.169
485.848
487.085
488.169
486.751
489.887
490.357
487.404
489.764
486.482
487.145
486.082
487.917
489.607
488.898
489.359
487.922
491.457
490.168
490.825
490.982
490.280
490.213
490.099
489.086
488.617
492.523
486.579
488.994
486.392
487.810
490.898
490.828
486.201
486.448
486.327
486.213
491.074
487.032
487.351
486.061
485.412
494.422
489.695
487.692
487.625
488.131
487.429
490.976
487.661
488.539
487.110
487.045
486.981
488.816
487.974
489.211
485.843
488.385
488.320
486.753
486.634
484.614
491.771
484.569
486.756
486.964
489.734
489.041
487.248
488.303
488.907
489.014
491.374
487.323
489.914
489.808
488.422
491.605
488.234
488.698
488.576
487.735
489.294
490.708
491.179
490.477
490.774
491.819
491.696
490.994
487.848
491.667
488.973
489.493
493.789
489.300
489.991
490.067
490.002
490.475
490.725
491.605
491.904
492.518
492.444
494.074
494.773
493.299
495.847
494.470
500.079
497.293
493.969
493.855
492.475
495.617
495.403
494.879
499.953
497.072
495.790
493.997
500.024
496.072
493.295
494.122
494.048
494.301
496.276
496.208
495.193
495.070
492.116
492.363
493.604
494.849
500.508
493.349
495.496
494.110
493.995
493.881
495.704
496.948
492.319
493.560
496.110
490.703
489.908
490.949
491.605
490.811
492.813
498.035
499.140
497.124
494.121
494.001
494.831
491.831
492.077
492.013
491.535
493.951
492.524
494.132
494.381
491.652
490.943
491.407
489.980
490.276
490.204
490.129
491.958
491.214
489.055
488.988
490.956
490.554
487.953
489.583
488.294
488.369
491.461
490.983
488.292
485.562
486.749
485.323
486.155
488.666
488.188
491.740
492.040
494.239
491.238
492.066
493.936
494.273
492.305
496.124
492.655
493.903
489.274
491.055
492.684
490.717
491.912
491.845
491.780
491.707
491.592
488.278
489.468
488.663
491.748
490.355
488.940
490.862
488.706
491.797
494.304
489.158
490.405
490.288
488.862
490.641
493.733
495.238
495.751
499.886
493.635
493.524
495.309
495.776
495.118
495.001
494.734
493.256
493.132
493.008
492.894
494.091
490.360
489.508
490.756
490.047
490.511
493.644
489.593
489.042
486.888
487.399
486.695
490.415
489.029
493.241
488.063
489.261
490.898
489.245
489.128
489.639
494.235
493.653
490.289
489.497
490.153
490.403
490.327
489.526
491.939
491.231
490.526
489.514
486.731
487.249
488.499
490.279
488.902
487.516
489.039
485.564
488.124
489.997
487.047
485.668
487.440
487.323
489.520
487.780
488.807
489.864
490.107
490.621
491.859
488.580
490.194
493.917
490.544
491.599
490.894
491.868
491.388
492.626
492.562
489.819
491.652
490.216
490.879
491.343
490.487
491.735
491.033
492.281
493.525
491.365
491.835
491.181
488.178
488.106
497.023
489.144
488.492
490.418
491.656
491.813
489.063
490.251
492.122
489.979
489.277
490.892
490.777
491.441
491.911
492.204
489.250
487.870
490.796
488.636
490.835
491.665
490.232
493.009
494.421
496.201
493.058
493.514
496.645
495.936
495.819
494.346
492.235
491.584
492.996
493.026
495.475
491.380
491.263
495.023
493.551
494.967
493.591
493.476
493.407
493.877
493.760
495.005
494.941
495.448
495.375
495.675
495.558
495.434
495.904
498.450
495.078
495.535
494.833
492.831
491.452
490.062
493.152
493.078
491.702
491.587
491.837
490.447
492.269
487.583
489.989
490.451
489.800
486.435
488.208
486.825
491.263
489.155
492.731
488.192
487.533
487.462
485.448
483.446
488.326
485.679
484.660
484.539
485.727
485.878
483.861
486.417
486.203
486.810
483.496
485.133
483.166
483.407
483.339
482.545
484.106
484.406
487.592
486.488
487.683
485.526
488.656
487.957
488.280
486.172
492.517
487.829
487.705
488.955
490.153
488.767
488.547
487.310
489.083
488.962
488.838
487.412
488.659
491.803
489.476
490.724
486.623
489.758
491.946
493.560
490.823
489.388
489.326
493.631
492.524
488.842
490.457
490.342
489.544
492.101
489.940
493.083
491.925
491.221
493.006
492.164
494.892
494.965
493.953
494.202
491.052
490.931
494.606
493.230
493.161
493.090
495.278
494.167
491.747
495.616
494.405
497.229
494.814
495.107
494.992
494.144
495.394
495.864
496.518
495.676
495.559
495.490
495.960
497.882
498.403
496.440
495.641
496.882
496.815
492.856
497.787
496.505
493.176
493.062
491.635
494.002
493.714
493.961
491.225
489.839
491.612
490.809
492.050
490.985
494.850
494.372
493.576
491.953
491.244
490.540
490.839
492.398
493.223
491.847
491.369
494.656
492.451
489.753
490.003
489.791
489.866
485.189
487.606
480.126
479.113
481.673
482.816
479.498
480.738
479.299
481.445
482.550
481.261
483.314
480.713
484.619
482.253
482.130
482.650
483.929
483.090
481.800
482.050
481.033
482.868
479.918
480.973
482.933
482.866
482.065
480.374
481.206
481.082
481.015
480.898
480.780
482.961
479.406
482.684
479.042
478.971
478.850
480.044
478.668
478.553
478.796
477.727
480.505
480.970
480.906
481.425
483.934
488.271
488.207
489.404
486.090
484.931
489.956
488.887
485.569
487.176
490.302
488.237
494.623
491.118
489.116
489.042
488.390
488.276
489.321
492.594
487.965
490.522
487.415
490.410
488.443
489.053
489.303
493.166
488.531
488.427
488.308
487.461
487.346
487.857
489.721
490.343
494.684
488.115
490.309
487.568
488.085
489.276
489.787
491.025
489.592
490.423
487.644
490.144
487.039
489.987
490.448
487.847
489.675
489.555
488.853
488.060
489.832
488.769
490.966
490.842
490.140
485.875
489.243
488.004
491.551
487.592
488.472
487.403
492.433
489.068
488.951
487.575
488.825
492.008
489.589
489.156
490.400
490.861
488.894
490.716
486.764
485.335
493.613
486.989
486.875
488.436
487.050
486.936
486.871
486.754
486.637
485.210
489.701
489.004
485.533
485.829
487.069
483.696
483.264
489.069
490.928
486.973
485.734
488.234
487.172
487.055
487.153
489.520
489.981
489.640
489.569
491.354
494.537
486.658
488.475
486.327
489.607
487.498
487.433
488.995
487.618
489.846
487.829
490.336
488.817
490.204
492.653
489.328
488.673
489.140
488.295
488.955
490.586
489.881
487.861
488.523
487.144
492.135
489.758
490.942
490.141
489.803
491.048
491.563
491.670
493.814
491.122
490.231
491.277
492.159
494.750
494.462
494.388
492.336
492.122
492.156
488.011
492.306
490.083
488.654
490.261
490.554
490.077
489.791
491.399
493.324
488.695
489.525
494.516
489.199
491.031
495.840
494.199
491.454
493.230
