25.227
63.289
76.964
79.548
92.636
93.179
102.181
107.392
124.416
135.462
149.719
152.303
157.513
162.724
206.661
206.618
226.815
241.906
253.683
261.520
287.118
306.735
318.512
329.558
329.515
343.184
350.872
359.983
376.863
379.447
391.223
393.077
410.065
430.258
445.976
459.061
459.603
466.128
486.906
498.536
503.746
514.208
519.418
534.987
543.409
546.576
566.770
577.234
588.277
593.487
597.968
607.117
660.169
673.217
682.945
696.033
716.955
725.958
744.988
750.054
771.708
797.885
806.308
815.309
826.354
831.526
849.867
856.855
853.562
865.293
864.627
869.646
871.458
881.221
882.451
889.515
895.270
904.378
898.420
900.816
905.401
909.254
915.734
922.221
928.703
935.185
936.158
942.058
936.122
923.665
912.713
933.704
932.376
922.094
922.728
923.254
917.258
906.176
906.095
917.829
915.913
916.650
921.888
914.164
922.543
925.881
925.796
936.217
938.763
934.808
932.159
944.003
936.837
942.007
940.426
954.916
955.562
951.461
947.532
949.995
953.268
943.433
939.667
938.340
935.804
943.664
951.634
943.157
957.518
948.547
946.009
953.220
948.055
952.642
957.918
956.586
947.551
930.635
927.988
937.336
937.944
952.432
942.016
934.834
943.277
940.050
944.012
946.922
956.612
952.071
954.680
962.042
965.315
975.281
971.285
974.002
985.221
987.181
983.889
983.288
994.506
997.842
997.396
991.503
996.739
992.200
991.534
981.183
985.622
983.706
980.291
978.959
972.920
975.012
982.550
973.342
983.243
970.875
975.684
971.831
971.811
980.189
974.919
967.710
971.633
959.997
975.086
962.043
963.342
961.427
950.826
947.490
950.894
948.836
938.928
946.192
936.400
939.049
927.861
940.182
921.224
912.600
922.343
934.661
940.563
924.882
933.408
934.635
937.142
937.851
937.253
941.906
938.744
938.728
930.938
931.650
930.426
932.387
944.081
957.714
962.560
953.893
966.355
963.127
964.422
959.779
966.500
962.049
965.173
973.025
969.694
972.298
971.632
967.677
981.454
974.869
989.230
987.211
983.918
975.490
967.450
978.042
970.734
970.887
967.617
981.391
973.044
975.585
974.836
977.538
967.811
973.713
970.486
974.494
967.462
962.364
933.642
936.186
937.481
939.705
933.748
934.459
928.608
944.584
940.067
939.986
940.554
932.764
939.978
932.878
936.145
949.562
945.608
966.151
959.570
968.096
969.042
966.631
967.280
965.949
963.994
960.900
964.201
962.078
965.419
957.484
949.004
958.110
953.568
958.734
957.402
969.309
958.204
960.916
959.823
957.910
966.287
973.499
973.720
965.931
975.273
970.585
966.800
968.959
968.424
972.862
974.333
961.875
962.652
956.655
959.506
960.217
938.413
939.135
939.639
948.809
949.521
947.566
950.111
940.318
940.260
944.183
944.829
944.163
949.251
954.421
966.883
959.227
952.880
957.518
953.564
943.106
939.814
942.531
932.011
938.538
933.123
928.777
938.677
938.831
923.708
924.419
929.828
936.306
934.481
934.569
933.901
941.917
939.268
951.730
955.586
962.651
950.297
950.322
953.512
943.230
948.402
958.376
953.837
956.963
959.152
969.188
987.034
983.184
976.018
980.671
970.255
970.903
983.459
972.354
983.942
983.345
973.540
969.001
959.750
964.466
955.988
951.988
961.092
959.762
953.418
948.104
958.764
954.223
957.563
949.083
954.316
941.274
945.912
947.233
948.701
962.119
962.100
955.515
968.694
967.470
965.554
962.912
962.935
960.488
956.104
966.894
970.888
973.627
973.783
969.243
981.218
989.809
986.024
985.358
995.846
995.765
997.791
987.960
990.501
995.738
985.322
987.928
989.954
978.850
982.690
984.716
971.739
985.370
986.150
981.460
982.171
979.635
971.846
975.312
977.430
973.577
975.450
966.931
968.742
966.096
961.556
960.179
955.773
963.633
949.199
944.660
940.702
934.117
935.651
935.143
941.239
937.415
942.604
940.823
932.342
936.057
936.148
948.607
953.194
943.535
941.512
945.499
956.847
950.265
948.203
951.051
956.950
947.743
955.672
949.052
946.259
952.809
944.393
956.855
943.801
954.954
960.984
959.694
977.050
972.511
999.489
989.073
978.657
983.310
980.083
996.212
984.923
986.884
980.433
979.729
984.962
995.130
986.649
993.501
996.839
998.239
991.073
987.115
990.245
979.163
987.023
993.489
991.639
990.415
988.500
991.903
988.052
992.415
978.776
969.051
968.988
963.135
971.723
975.195
963.464
964.612
973.269
965.480
960.940
954.529
949.947
953.865
946.765
943.499
946.837
948.863
947.529
945.049
943.717
941.870
947.832
949.062
939.332
940.004
946.684
940.794
940.128
945.286
942.578
947.296
949.176
948.575
947.974
936.128
922.419
929.631
927.572
941.510
932.406
933.052
922.597
926.893
915.122
922.334
929.681
920.473
911.227
913.262
913.976
910.837
903.165
908.916
906.984
908.215
911.884
911.283
901.452
900.848
911.270
896.380
906.289
901.022
893.782
886.578
891.165
901.442
908.789
900.311
902.272
899.733
904.964
916.342
911.654
907.699
917.560
911.706
915.559
918.832
929.361
935.261
926.185
928.968
937.342
951.558
949.349
954.580
953.486
956.819
972.599
969.502
990.599
986.813
1001.236
992.132
987.593
1001.432
996.958
1006.026
993.346
998.062
996.584
996.695
990.114
993.306
1006.590
1000.074
990.866
996.031
1005.869
998.665
995.435
1002.973
1008.450
1003.181
1002.473
993.265
997.915
995.595
996.309
991.728
1004.386
982.547
985.153
984.408
977.930
968.788
968.863
961.658
946.454
947.168
934.086
947.132
946.489
951.073
958.353
959.084
970.302
971.755
969.842
973.033
965.206
978.454
976.541
967.570
961.036
954.451
960.996
949.266
959.687
962.233
951.701
944.068
946.976
954.252
944.724
930.396
941.614
941.637
935.640
942.852
935.062
941.542
933.504
949.975
971.025
965.171
958.005
965.655
956.553
948.764
940.485
946.666
953.212
961.738
964.415
963.811
960.649
955.276
947.952
947.975
951.315
960.419
953.215
948.676
941.990
945.331
959.998
962.631
949.550
949.528
951.407
948.180
934.606
944.447
949.099
941.229
957.632
947.828
963.673
956.507
953.863
942.782
941.688
949.030
953.216
949.261
940.849
938.936
937.455
938.166
937.462
939.553
934.284
931.057
936.959
946.953
943.021
940.962
950.245
954.829
958.751
949.543
945.886
936.054
950.412
956.439
951.698
953.724
943.931
951.854
952.487
942.124
957.216
949.281
957.312
959.273
953.086
945.920
949.261
949.907
937.648
951.474
944.263
950.016
954.824
951.597
948.370
955.021
951.716
956.434
957.772
970.234
971.078
976.488
975.822
962.741
966.514
963.222
958.644
955.484
963.280
953.488
962.014
955.537
957.497
954.959
951.586
955.874
969.054
968.389
970.372
963.924
952.842
956.921
956.905
953.811
963.013
955.847
958.460
960.421
953.656
951.675
941.910
951.597
962.082
954.293
941.209
949.957
943.373
942.583
932.791
942.827
946.163
951.637
950.888
979.230
966.187
976.459
979.797
976.012
975.411
983.644
968.663
975.789
975.708
970.545
965.409
973.935
972.023
971.318
970.914
975.496
982.698
982.786
972.370
979.647
979.112
977.673
986.849
985.456
983.051
978.362
977.611
977.526
970.516
981.671
982.385
970.576
971.868
963.971
958.809
957.607
953.506
937.236
941.889
942.535
936.684
940.708
933.488
926.283
927.947
941.922
945.195
951.679
941.263
930.847
930.100
939.272
934.649
928.750
935.494
928.240
928.159
930.182
922.958
938.467
945.078
943.017
957.741
956.517
963.731
960.296
968.890
972.163
979.015
986.360
977.256
986.951
975.185
979.770
984.510
976.030
977.322
966.175
973.024
975.113
968.635
977.015
973.080
980.939
980.855
979.031
990.856
982.509
978.658
984.413
977.124
968.797
969.508
970.805
970.782
973.974
964.138
966.099
960.492
959.200
961.811
981.655
978.066
988.552
974.916
980.147
978.857
976.455
975.758
986.062
980.157
978.310
983.541
978.274
984.998
985.710
975.294
988.405
978.612
985.745
1000.433
1003.278
997.450
1002.687
994.209
1008.149
1004.921
1012.201
999.847
992.191
987.678
983.724
985.707
979.919
977.380
970.796
972.287
972.956
969.108
977.035
972.495
968.538
966.716
950.966
940.538
949.642
954.080
949.541
951.587
957.683
965.543
970.127
956.319
955.718
955.491
943.679
940.305
922.077
933.944
932.156
928.889
931.431
930.827
927.454
924.665
928.068
919.032
924.642
916.162
915.521
933.634
940.936
940.335
926.046
931.216
920.826
924.014
920.059
928.221
943.231
940.033
940.744
958.528
947.923
942.891
942.424
934.634
943.158
952.848
955.977
962.526
958.610
965.090
958.505
954.408
947.786
939.162
942.435
941.091
943.741
951.536
956.186
958.212
966.308
963.035
953.265
958.500
968.665
955.622
964.064
963.983
960.133
958.177
968.903
967.575
951.971
945.386
941.281
951.805
943.392
949.377
954.027
959.522
968.113
964.954
966.980
960.979
966.240
972.204
971.604
985.378
982.150
987.492
993.394
1012.580
1020.439
1013.858
1001.400
1013.927
1004.135
1010.227
1012.212
1002.419
1013.590
1003.797
998.724
1003.892
1015.107
1009.734
1006.014
1003.370
990.312
992.230
989.542
989.457
982.980
984.278
982.947
970.103
968.029
967.428
962.266
955.684
957.708
960.861
957.568
959.594
956.950
941.707
948.388
948.606
950.632
927.973
929.854
928.526
918.733
936.519
920.188
934.552
922.198
918.813
919.459
912.452
903.244
908.520
915.068
904.097
903.898
905.990
904.655
907.928
921.557
918.359
911.193
939.483
934.798
925.006
917.801
921.788
918.376
928.214
918.421
930.888
935.689
938.817
947.340
953.293
950.757
940.964
937.825
935.913
944.433
956.277
946.485
948.511
941.891
955.178
945.385
943.473
948.060
946.414
969.798
975.697
971.846
973.827
981.104
984.377
974.545
973.794
977.067
970.684
977.964
977.986
979.947
972.155
978.635
979.932
983.789
981.142
979.853
985.883
976.779
966.975
968.511
967.622
959.901
957.947
961.658
963.684
967.606
954.563
951.336
955.255
958.615
954.645
950.063
957.408
946.265
948.288
951.003
939.363
939.202
936.663
936.063
932.833
924.447
921.722
911.890
911.225
922.962
920.319
910.527
930.135
917.158
921.014
919.683
915.144
924.985
914.569
921.780
919.140
919.059
921.150
921.889
920.101
922.125
935.904
932.612
938.498
941.770
939.881
940.384
933.660
941.452
937.602
933.063
930.551
952.361
943.844
940.617
936.897
948.615
957.725
944.540
942.628
939.559
950.804
953.349
953.333
956.606
954.000
949.523
954.932
957.607
953.759
951.636
952.415
960.321
957.162
946.707
955.922
946.129
943.548
941.143
940.477
937.941
941.993
949.204
945.288
949.142
944.560
937.979
942.788
937.372
938.303
932.987
937.640
943.537
926.621
947.810
949.324
941.492
942.829
942.882
948.050
942.950
930.492
935.301
929.300
935.333
926.567
933.697
941.491
937.708
940.021
943.797
933.381
930.632
934.104
932.773
932.818
929.549
930.779
936.900
940.756
946.896
945.010
959.723
945.328
944.038
942.110
942.090
942.009
938.600
928.941
933.526
938.759
936.289
932.438
931.107
937.004
940.196
947.294
944.651
934.859
932.174
938.658
928.865
930.330
937.675
938.387
937.721
950.766
943.562
940.332
942.358
943.072
947.659
953.624
958.897
942.605
943.168
943.776
956.240
934.852
932.789
935.503
936.152
933.744
933.796
933.819
937.154
941.599
940.856
943.702
958.790
971.837
965.983
960.820
962.781
954.219
969.305
960.202
961.496
968.997
977.656
982.786
996.565
978.949
983.004
975.838
983.052
980.285
992.018
971.852
972.352
980.066
978.151
976.304
981.496
974.396
970.960
973.467
965.571
964.093
964.178
961.637
957.682
946.601
947.312
951.899
952.548
964.286
951.893
942.543
938.003
938.679
954.157
950.930
950.144
952.105
935.189
935.169
941.717
932.616
933.330
930.170
921.132
923.677
932.269
931.668
930.019
928.107
919.484
915.525
922.203
926.603
939.068
927.471
940.064
952.169
957.338
965.137
965.056
961.829
971.863
964.139
972.002
962.794
970.093
972.635
981.744
990.270
991.668
972.086
983.427
985.451
990.061
986.065
980.211
992.078
990.492
995.816
1002.469
993.991
995.459
1000.178
1008.701
1000.912
984.129
990.612
998.535
990.941
987.569
981.871
977.955
984.632
984.547
985.777
987.247
986.647
981.378
978.085
976.861
981.299
974.187
976.145
978.128
971.547
968.905
967.681
956.639
959.206
961.362
952.884
957.903
957.887
959.249
944.087
947.428
938.180
941.518
943.936
936.728
935.397
934.882
944.635
942.164
936.443
939.781
942.395
930.664
947.196
942.033
938.075
929.515
933.373
934.019
941.731
932.627
943.249
940.021
945.190
945.135
955.101
945.308
954.305
962.920
970.131
978.657
971.554
980.766
990.601
986.062
1006.404
999.238
1004.469
990.378
985.281
991.180
984.836
979.570
972.361
978.118
967.040
966.440
974.966
964.550
966.427
950.719
963.272
964.502
957.960
962.612
965.885
959.989
985.350
979.493
991.953
987.639
990.765
988.120
974.609
979.842
972.053
975.328
974.728
992.506
989.281
988.680
973.210
973.301
961.635
970.807
975.395
972.879
968.883
974.851
971.558
972.814
968.275
980.380
979.714
982.987
985.594
981.055
990.159
992.119
1000.351
1008.878
999.085
1001.692
1008.280
1010.306
1007.663
995.015
985.807
988.480
990.506
977.825
988.826
984.287
978.586
977.297
978.592
973.323
972.682
955.766
960.997
972.150
960.406
960.243
957.601
954.812
955.523
949.669
941.864
951.039
956.211
959.481
953.630
961.490
944.707
946.668
953.736
964.325
960.608
963.946
960.718
945.738
940.559
942.520
943.365
944.752
944.151
938.297
935.070
945.583
939.109
946.242
943.014
941.009
940.343
921.888
926.476
936.841
922.810
924.970
921.677
928.161
932.123
935.458
942.896
944.985
939.206
950.359
955.009
955.720
943.500
945.374
945.462
940.988
939.960
943.086
937.923
944.472
946.432
940.628
942.439
943.910
936.900
940.891
946.790
939.586
938.323
933.635
944.788
961.948
956.880
964.669
969.836
978.232
981.504
982.803
967.095
965.072
967.679
960.513
958.412
951.246
956.608
946.192
948.799
939.591
947.451
941.104
941.195
945.050
941.091
942.497
925.581
924.838
928.110
925.016
918.672
920.829
927.313
936.103
936.775
937.486
940.827
941.458
935.566
950.657
947.949
955.224
955.341
945.506
946.220
955.906
948.893
948.073
934.303
937.576
954.047
956.722
955.629
960.718
954.176
960.141
963.413
960.767
958.851
949.605
949.004
954.752
949.443
962.242
966.272
960.682
963.527
956.322
952.472
960.332
949.186
949.835
951.300
952.531
936.096
947.097
939.892
945.857
950.444
930.902
928.695
929.341
925.409
931.961
932.310
933.540
942.063
948.401
932.108
945.158
933.430
929.671
934.259
938.846
938.099
943.503
935.090
942.152
940.260
948.055
946.961
946.358
942.400
948.877
942.983
948.951
946.475
952.374
947.897
943.320
946.592
949.304
952.642
957.358
956.757
956.737
975.209
970.180
978.899
978.324
986.941
979.775
978.443
972.684
977.337
990.382
992.343
994.500
993.899
990.606
995.259
999.209
987.401
987.385
984.092
981.066
990.904
983.139
968.730
984.465
981.861
982.427
981.827
972.619
977.703
970.042
974.629
964.278
956.512
957.743
948.492
956.287
945.340
943.135
930.678
936.042
926.938
932.306
928.417
923.832
931.696
934.479
927.444
925.531
935.807
926.561
923.334
920.106
924.827
920.168
922.129
943.834
935.068
933.737
936.886
927.159
934.373
940.275
935.136
926.679
937.101
934.394
927.228
953.396
940.484
931.367
927.412
943.087
947.672
937.879
959.026
964.925
956.474
951.205
951.919
952.654
948.696
955.033
957.745
950.579
943.271
963.123
957.922
975.967
966.174
968.053
970.595
963.386
968.039
955.062
961.546
950.640
949.974
954.415
951.771
960.581
964.011
952.100
944.934
954.760
956.358
953.672
953.587
953.678
954.970
955.684
949.206
959.110
949.902
961.203
965.386
958.138
964.040
961.333
960.109
968.763
964.912
963.065
958.591
952.114
951.951
935.685
950.779
949.623
945.665
955.498
962.780
955.614
971.355
960.067
959.983
965.276
955.682
945.955
953.751
966.826
950.391
950.306
960.501
963.045
970.325
971.039
963.873
956.084
959.419
964.683
955.671
938.755
938.548
935.840
939.828
952.489
951.028
953.703
962.663
960.016
958.727
962.650
962.049
955.572
962.979
955.814
960.362
957.116
970.162
958.565
954.025
948.610
951.906
952.683
952.083
963.235
967.823
961.930
967.746
966.418
959.252
949.554
951.603
951.584
947.045
945.818
954.776
952.779
962.620
952.828
957.993
954.886
960.851
962.145
955.864
959.594
951.698
963.433
955.537
953.475
952.186
954.275
948.421
946.508
953.742
955.834
963.626
949.960
964.431
961.895
965.167
965.816
958.608
957.338
959.150
957.815
955.234
963.033
959.740
968.462
968.381
955.794
952.371
940.007
929.715
927.244
908.964
899.260
888.607
885.039
874.386
871.184
858.229
848.892
835.943
833.105
823.988
811.398
801.109
791.043
778.091
761.523
752.045
743.730
728.068
724.499
721.300
708.715
699.014
689.891
686.469
673.517
664.182
654.842
641.529
632.040
618.137
608.802
595.489
591.923
582.221
572.886
559.568
556.587
546.298
542.729
532.661
529.462
513.624
